"x"
2.2602989427634
1.7499088589136
1.7499088589136
3.4269048487058
18.4104994531535
1.7499088589136
1.7499088589136
29.5661684287277
62.3040466642362
3.4269048487058
1.7499088589136
1.7499088589136
7.36419978126139
1.7499088589136
1.7499088589136
1.7499088589136
1.7499088589136
1.7499088589136
47.0652570178637
41.6697047028801
1.7499088589136
1.7499088589136
11.301494713817
18.957345971564
1.7863652934743
46.5913233685746
1.7499088589136
1.7499088589136
2.6977761574918
1.7499088589136
1.7499088589136
66.8975574188844
1.7499088589136
1.7499088589136
2.0051039008385
1.7499088589136
2.0415603353992
38.8625592417062
1.7499088589136
1.7499088589136
39.4823186292381
1.7499088589136
45.3882610280715
29.0557783448779
96.9741159314619
1.822821728035
1.7499088589136
1.7499088589136
10.7181917608458
1.8592781625957
18.592781625957
1.7499088589136
64.637258476121
11.4108640174991
96.0627050674444
3.7914691943128
1.7499088589136
1.7499088589136
9.36930368209989
1.7499088589136
1.7499088589136
7.51002551950419
1.7499088589136
1.7499088589136
1.7499088589136
1.7499088589136
1.7499088589136
2.5884068538097
9.40576011666059
1.7499088589136
1.7499088589136
1.7499088589136
1.7499088589136
1.822821728035
79.0740065621582
1.7499088589136
48.6693401385345
1.7499088589136
1.7863652934743
9.95260663507109
1.7499088589136
83.1206707983959
1.7499088589136
2.5154939846883
7.21837404301859
1.7499088589136
8.23915421071819
34.3055049216187
1.7499088589136
7.87458986511119
1.7863652934743
1.7499088589136
5.94239883339409
1.7499088589136
59.0594239883339
1.7499088589136
7.40065621582209
1.7499088589136
1.7499088589136
1.7499088589136
1.7499088589136
44.8049580751003
1.7499088589136
2.1144732045206
97.812613926358
41.7061611374408
1.7499088589136
1.7499088589136
1.7499088589136
1.7499088589136
1.7499088589136
1.7499088589136
1.7499088589136
1.7499088589136
1.7499088589136
22.3842508202698
71.3452424352898
1.7499088589136
1.7499088589136
1.7499088589136
1.7499088589136
1.7499088589136
3.3904484141451
1.7499088589136
1.7499088589136
1.7499088589136
1.7499088589136
1.7499088589136
1.7499088589136
1.7499088589136
1.7499088589136
32.81079110463
2.0051039008385
1.7499088589136
1.7499088589136
2.0415603353992
1.7499088589136
1.7499088589136
38.5709077652206
2.5884068538097
25.7382427998542
1.7499088589136
29.8213634706526
3.3175355450237
1.7499088589136
1.7499088589136
13.3795114837769
30.7327743346701
1.7499088589136
10.1713452424353
1.7499088589136
4.99453153481589
6.19759387531899
85.7455340867663
1.7499088589136
1.7499088589136
1.7499088589136
1.7863652934743
1.7499088589136
1.7499088589136
1.7499088589136
1.7499088589136
1.7499088589136
20.4520597885527
1.7499088589136
1.7499088589136
13.9263580021874
7.91104629967189
68.3922712358731
40.0291651476486
13.9628144367481
1.7499088589136
78.9281808239154
1.7499088589136
1.7499088589136
1.7499088589136
42.8727670433832
1.7499088589136
11.7754283631061
1.7863652934743
15.3846153846154
9.66095515858549
3.9008384979949
1.7499088589136
1.7499088589136
1.7499088589136
3.3904484141451
22.6394458621947
1.7499088589136
1.7499088589136
61.8301130149471
1.7499088589136
2.9529711994167
1.7499088589136
1.7499088589136
1.7499088589136
2.7342325920525
1.7499088589136
19.8323004010208
2.187386073642
85.0164053955523
39.5552314983595
1.7499088589136
4.0466642362377
1.7499088589136
2.6977761574918
55.4866934013853
1.7499088589136
97.9584396646008
1.7499088589136
1.7499088589136
3.0258840685381
1.7499088589136
5.3955523149836
1.7499088589136
1.7499088589136
19.1031717098068
1.7499088589136
1.7499088589136
1.7499088589136
8.67663142544659
2.2602989427634
99.4896099161502
1.8592781625957
47.5391906671528
2.2967553773241
1.7499088589136
1.7499088589136
1.7499088589136
37.5865840320817
1.7499088589136
1.7499088589136
85.1622311337951
21.9832300401021
1.7499088589136
1.7499088589136
5.65074735690849
64.9289099526066
1.7499088589136
4.2654028436019
1.7499088589136
1.7499088589136
93.4742982136347
31.1337951148378
1.7499088589136
6.45278891724389
2.8436018957346
2.3696682464455
1.7499088589136
2.2967553773241
1.7499088589136
41.7426175720015
1.7499088589136
1.9686474662778
1.7499088589136
1.9321910317171
82.0998906306963
1.8592781625957
78.7458986511119
19.3948231862924
3.6091870215093
1.7499088589136
73.8607364199781
22.1290557783449
35.1075464819541
2.0780167699599
25.884068538097
1.7499088589136
1.7499088589136
8.53080568720379
1.7499088589136
1.7499088589136
1.7499088589136
1.7499088589136
1.7499088589136
35.727305869486
46.8829748450602
9.80678089682829
1.7499088589136
2.6248632883704
2.187386073642
1.7499088589136
1.7499088589136
3.1717098067809
6.19759387531899
2.7706890266132
1.7499088589136
1.7499088589136
3.0987969376595
1.7499088589136
1.7499088589136
3.0258840685381
2.0415603353992
1.7499088589136
1.7499088589136
28.3995625227853
25.6653299307328
1.7499088589136
1.7499088589136
6.27050674444039
8.20269777615749
3.3175355450237
5.03098796937659
1.7499088589136
4.5570543200875
19.7593875318994
1.7499088589136
23.2956616842873
59.7520962449872
1.7499088589136
7.10900473933649
1.7499088589136
4.8487057965731
1.7499088589136
5.2861830113015
1.7499088589136
1.7499088589136
7.29128691213999
6.74444039372949
1.7499088589136
2.9529711994167
1.7499088589136
1.7499088589136
1.7499088589136
59.3146190302588
4.0466642362377
42.4717462632155
22.967553773241
1.7499088589136
1.7499088589136
1.7499088589136
1.7863652934743
1.7499088589136
1.7499088589136
1.7499088589136
9.15056507473569
7.76522056142909
1.7499088589136
1.7499088589136
39.737513671163
1.7499088589136
1.7499088589136
32.8472475391907
1.7499088589136
4.4112285818447
1.8957345971564
1.7499088589136
1.8957345971564
1.7499088589136
4.8122493620124
1.7499088589136
4.4476850164054
7.61939482318629
1.7499088589136
9.22347794385709
1.7499088589136
1.7499088589136
2.3332118118848
54.794021144732
70.5432008749544
1.7499088589136
1.7499088589136
2.0780167699599
1.7499088589136
15.8220925993438
1.7499088589136
8.60371855632519
1.7499088589136
71.7462632154575
1.7499088589136
15.5304411228582
34.1232227488152
1.7499088589136
5.03098796937659
3.4269048487058
1.7499088589136
45.0236966824645
1.7499088589136
1.7499088589136
1.7499088589136
7.72876412686839
1.7499088589136
8.23915421071819
4.8122493620124
1.7499088589136
1.7499088589136
1.7499088589136
2.7342325920525
17.4261757200146
1.7499088589136
43.4925264309151
1.7499088589136
1.7499088589136
4.5205978855268
3.8643820634342
1.7499088589136
1.7499088589136
1.7499088589136
1.7499088589136
69.2672256653299
1.7499088589136
1.7499088589136
1.7499088589136
1.7499088589136
2.916514764856
1.7499088589136
1.7499088589136
2.0051039008385
13.4524243528983
10.2807145461174
1.7499088589136
17.2803499817718
15.0565074735691
8.34852351440029
8.49434925264309
1.7499088589136
1.7499088589136
25.9205249726577
7.80167699598979
1.7499088589136
22.0196864746628
2.187386073642
1.9686474662778
31.2067079839592
32.1545752825374
1.7499088589136
19.6500182282173
1.7499088589136
1.7499088589136
17.134524243529
1.7499088589136
1.9686474662778
1.7499088589136
1.7499088589136
1.8957345971564
1.7499088589136
16.9157856361648
1.7499088589136
1.9686474662778
1.7499088589136
1.7499088589136
3.3904484141451
13.0514035727306
24.7174626321546
1.7499088589136
27.1965001822822
1.7499088589136
5.57783448778709
17.5355450236967
2.0051039008385
1.7499088589136
1.7499088589136
2.0051039008385
1.7499088589136
3.5727305869486
1.7499088589136
1.7499088589136
1.7499088589136
1.7499088589136
6.78089682829019
1.7499088589136
1.7499088589136
1.7499088589136
1.7863652934743
1.7499088589136
1.7499088589136
4.374772147284
1.7499088589136
1.7499088589136
9.36930368209989
67.7360554137805
24.790375501276
1.7499088589136
5.17681370761939
49.6536638716733
1.7499088589136
1.7499088589136
3.4633612832665
1.7499088589136
1.7499088589136
1.7499088589136
5.46846518410499
87.8600072912869
19.9781261392636
17.0251549398469
1.7499088589136
18.0094786729858
1.9321910317171
49.6172074371126
1.7499088589136
12.7232956616843
1.7499088589136
1.7499088589136
14.1086401749909
1.7499088589136
3.6820998906307
6.59861465548669
1.822821728035
1.7499088589136
33.5763762304047
1.7499088589136
1.7499088589136
5.86948596427269
1.7499088589136
1.7499088589136
84.7247539190667
94.3857090776522
1.7499088589136
13.1607728764127
1.7499088589136
2.2967553773241
1.7499088589136
2.3332118118848
1.7499088589136
10.1348888078746
19.9052132701422
1.7499088589136
1.7499088589136
22.9310973386803
1.7499088589136
1.8957345971564
1.7499088589136
2.0415603353992
1.7499088589136
3.5362741523879
17.3532628508932
1.7499088589136
23.5508567262122
1.8592781625957
100
1.7499088589136
1.7499088589136
1.7499088589136
94.8231862923806
1.7499088589136
1.7863652934743
1.7499088589136
4.1195771053591
1.7499088589136
1.7499088589136
80.2406124681006
2.0780167699599
1.7863652934743
1.7499088589136
1.7499088589136
8.67663142544659
17.3168064163325
1.7499088589136
1.7499088589136
1.7863652934743
1.7499088589136
1.7499088589136
10.2807145461174
75.3554502369668
1.8592781625957
1.7499088589136
49.6536638716733
7.32774334670069
26.4309150565075
2.6613197229311
1.7499088589136
15.0929639081298
1.7499088589136
10.8640174990886
2.6613197229311
4.1560335399198
5.68720379146919
20.8530805687204
4.5205978855268
1.7499088589136
48.9974480495807
1.7499088589136
73.7149106817353
16.6605905942399
1.7499088589136
92.0160408312067
1.7499088589136
1.7499088589136
1.7499088589136
3.7914691943128
4.9216186656945
11.2650382792563
12.1399927087131
3.281079110463
17.3897192854539
15.8220925993438
1.7499088589136
35.2533722201969
1.7499088589136
5.61429092234779
83.7768866204885
10.6088224571637
17.2438935472111
1.7499088589136
5.68720379146919
2.9529711994167
1.7499088589136
1.9321910317171
1.7499088589136
1.7499088589136
12.6139263580022
1.7863652934743
1.7499088589136
5.76011666059059
1.7499088589136
1.7499088589136
1.7499088589136
1.7499088589136
28.1443674808604
83.230040102078
1.7499088589136
1.7499088589136
18.4469558877142
1.7499088589136
1.7499088589136
1.7499088589136
1.7499088589136
1.7499088589136
7.72876412686839
15.4210718191761
4.5570543200875
9.36930368209989
1.7499088589136
2.8800583302953
1.7499088589136
1.7499088589136
1.7499088589136
1.7499088589136
99.7812613926358
27.9985417426176
84.2508202697776
12.4316441851987
30.8786000729129
1.7499088589136
50.1640539555231
1.7499088589136
82.2092599343784
1.7499088589136
47.757929274517
22.3842508202698
1.7499088589136
4.1560335399198
23.8425082026978
2.551950419249
14.1815530441123
1.7499088589136
61.9759387531899
1.7499088589136
1.7499088589136
62.8508931826467
1.7499088589136
3.8279256288735
1.7499088589136
8.67663142544659
1.7499088589136
31.3160772876413
6.74444039372949
1.7499088589136
1.7499088589136
1.7499088589136
1.7499088589136
1.7499088589136
1.7499088589136
11.4473204520598
1.7499088589136
3.64564345607
46.3361283266497
2.0051039008385
8.89537003281079
34.7429821363471
2.4790375501276
18.3375865840321
36.2741523878965
1.7499088589136
1.7499088589136
27.342325920525
8.78600072912869
1.7499088589136
16.040831206708
1.7499088589136
4.0466642362377
1.7499088589136
1.7499088589136
1.7499088589136
2.2238425082027
4.5205978855268
10.7181917608458
9.91615020051039
6.52570178636529
32.0452059788553
1.7499088589136
1.7499088589136
1.9321910317171
1.7499088589136
9.77032446226759
1.7499088589136
1.7499088589136
68.6110098432373
1.7499088589136
2.0051039008385
1.7499088589136
13.5253372220197
1.8957345971564
1.7499088589136
1.7499088589136
3.4269048487058
1.7499088589136
23.4050309879694
1.7499088589136
72.6212176449143
1.9321910317171
1.7499088589136
64.1268683922712
1.7863652934743
1.7499088589136
1.7499088589136
22.5300765585126
1.7499088589136
19.8687568355815
99.7448049580751
32.3733138899016
1.7499088589136
1.7499088589136
1.822821728035
84.1414509660955
1.7499088589136
1.7499088589136
41.9613561793657
1.7499088589136
1.7499088589136
1.7499088589136
1.7499088589136
39.9562522785272
96.2814436748086
1.7499088589136
5.76011666059059
8.53080568720379
1.7499088589136
87.4589865111192
46.0080204156034
1.7499088589136
1.9321910317171
1.7499088589136
1.7499088589136
1.7499088589136
4.739336492891
48.1954064892454
3.9737513671163
6.59861465548669
17.5720014582574
16.1137440758294
25.5924170616114
100
1.7499088589136
68.2099890630696
10.9733868027707
1.7499088589136
1.7499088589136
2.916514764856
1.7499088589136
1.7499088589136
1.7499088589136
1.822821728035
1.7499088589136
1.7499088589136
59.3510754648195
1.7499088589136
1.7499088589136
5.50492161866569
1.7499088589136
5.76011666059059
1.9686474662778
1.7499088589136
8.42143638352169
3.0258840685381
2.5884068538097
1.7499088589136
38.3521691578564
42.5811155668976
53.4815895005468
1.7499088589136
48.1589500546847
3.1717098067809
25.4830477579293
3.3904484141451
1.7499088589136
1.8957345971564
1.7499088589136
1.7499088589136
2.1144732045206
1.7499088589136
18.1917608457893
1.7499088589136
2.5154939846883
16.0772876412687
1.7499088589136
1.7499088589136
12.6139263580022
1.7499088589136
1.7499088589136
5.65074735690849
1.7499088589136
1.7499088589136
1.822821728035
98.9427633977397
16.2960262486329
49.2890995260664
1.7499088589136
60.1531170251549
4.8122493620124
1.7863652934743
1.7499088589136
1.7499088589136
1.7499088589136
1.7499088589136
13.4159679183376
1.7499088589136
1.7499088589136
2.187386073642
1.7499088589136
6.92672256653299
3.0623405030988
10.572366022603
1.9686474662778
1.7499088589136
1.7499088589136
1.7499088589136
1.7499088589136
37.5865840320817
1.7499088589136
1.7499088589136
92.5993437841779
1.7499088589136
1.7499088589136
1.7499088589136
3.0987969376595
1.7499088589136
1.7499088589136
22.7123587313161
13.0878600072913
6.81735326285089
1.7499088589136
1.9321910317171
1.7499088589136
1.7499088589136
9.18702150929639
1.7499088589136
80.2770689026613
83.3758658403208
1.8957345971564
1.7499088589136
1.7499088589136
1.7499088589136
11.301494713817
38.0240612468101
1.7499088589136
1.8957345971564
23.4050309879694
77.761574917973
1.7499088589136
4.70288005833029
55.8148013124316
25.5924170616114
1.7499088589136
1.7499088589136
1.7499088589136
1.7499088589136
9.66095515858549
1.7499088589136
2.1144732045206
36.9668246445498
3.3175355450237
1.7499088589136
4.9216186656945
1.822821728035
1.7499088589136
1.7499088589136
1.7499088589136
17.0980678089683
29.5661684287277
40.1749908858914
1.7499088589136
5.94239883339409
56.2887349617207
1.7499088589136
1.7499088589136
1.7499088589136
1.7499088589136
1.7499088589136
1.7499088589136
4.70288005833029
1.7499088589136
1.7499088589136
2.0780167699599
1.7499088589136
1.7499088589136
1.7499088589136
2.8436018957346
1.7499088589136
12.5410134888808
1.7499088589136
1.7499088589136
1.7499088589136
1.7499088589136
1.7499088589136
1.7499088589136
10.3900838497995
15.0565074735691
1.7499088589136
1.7499088589136
9.25993437841779
1.7499088589136
97.2293109733868
1.8957345971564
1.7499088589136
1.7499088589136
1.7499088589136
1.7499088589136
2.2238425082027
1.8592781625957
49.9453153481589
4.2289464090412
1.7499088589136
90.8129784907036
6.08822457163689
14.6554866934014
1.7499088589136
1.7499088589136
1.7499088589136
1.7499088589136
46.1173897192855
11.5931461903026
1.7499088589136
11.0462996718921
13.5982500911411
31.0608822457164
8.71308786000729
3.4633612832665
6.23405030987969
1.7499088589136
1.7499088589136
1.7499088589136
1.7499088589136
1.7499088589136
57.6740794750273
2.0415603353992
1.7499088589136
23.0769230769231
1.7499088589136
1.7499088589136
1.7499088589136
1.7499088589136
1.7499088589136
83.0113014947138
1.7499088589136
1.7499088589136
1.7499088589136
1.7499088589136
1.7499088589136
2.6977761574918
69.4130514035727
97.0105723660226
1.7499088589136
1.7499088589136
1.7499088589136
1.7499088589136
7.54648195406489
7.10900473933649
1.7499088589136
89.3911775428363
1.7499088589136
1.7499088589136
1.7499088589136
3.2081662413416
1.7499088589136
1.7499088589136
5.57783448778709
1.7499088589136
2.1144732045206
1.7499088589136
1.7499088589136
1.7499088589136
47.0652570178637
25.0091141086402
18.5563251913963
1.7499088589136
13.2701421800948
19.4677360554138
3.5727305869486
2.551950419249
1.7499088589136
2.8071454611739
1.7499088589136
1.7499088589136
1.7499088589136
1.7499088589136
1.7499088589136
1.7499088589136
11.8483412322275
27.8162595698141
