"x"
49.825479930192
5.67190226876091
2.61780104712042
85.6020942408377
2.61780104712042
100
2.61780104712042
2.61780104712042
2.61780104712042
26.0034904013962
2.61780104712042
89.2670157068063
5.41012216404887
21.9022687609075
2.61780104712042
2.61780104712042
100
2.61780104712042
61.5183246073298
46.6841186736475
2.61780104712042
2.61780104712042
6.63176265270506
2.61780104712042
5.41012216404887
2.61780104712042
2.61780104712042
5.14834205933682
2.61780104712042
96.9458987783595
11.6928446771379
2.61780104712042
2.61780104712042
2.61780104712042
2.61780104712042
100
4.18848167539267
2.61780104712042
2.70506108202443
4.01396160558464
2.61780104712042
2.61780104712042
56.195462478185
36.8237347294939
80.1047120418848
2.87958115183246
34.8167539267016
2.61780104712042
20.5061082024433
2.61780104712042
3.22862129144852
2.61780104712042
2.61780104712042
3.1413612565445
2.61780104712042
11.3438045375218
32.2862129144852
2.61780104712042
2.61780104712042
2.61780104712042
2.61780104712042
2.61780104712042
2.61780104712042
2.61780104712042
2.61780104712042
2.70506108202443
2.61780104712042
2.61780104712042
7.32984293193717
3.40314136125654
2.61780104712042
7.41710296684119
3.1413612565445
37.783595113438
2.61780104712042
4.45026178010471
8.46422338568935
2.61780104712042
2.61780104712042
2.61780104712042
2.61780104712042
2.61780104712042
2.61780104712042
2.96684118673647
81.9371727748691
21.2041884816754
3.66492146596859
2.61780104712042
7.32984293193717
2.61780104712042
2.61780104712042
4.88656195462478
2.61780104712042
2.61780104712042
2.61780104712042
10.3839441535777
2.61780104712042
2.61780104712042
2.61780104712042
2.61780104712042
2.61780104712042
2.61780104712042
2.61780104712042
2.61780104712042
2.61780104712042
2.61780104712042
2.61780104712042
2.61780104712042
3.66492146596859
2.61780104712042
21.1169284467714
95.1134380453752
87.696335078534
2.61780104712042
2.61780104712042
2.61780104712042
12.0418848167539
2.61780104712042
3.92670157068063
2.61780104712042
42.8446771378709
2.61780104712042
6.45724258289703
32.9842931937173
2.61780104712042
7.94066317626527
2.61780104712042
14.1361256544503
3.31588132635253
13.8743455497382
18.1500872600349
2.61780104712042
2.61780104712042
2.61780104712042
2.61780104712042
2.61780104712042
44.3280977312391
2.61780104712042
4.01396160558464
51.5706806282722
2.61780104712042
2.61780104712042
92.8446771378709
2.61780104712042
13.3507853403141
97.8184991273996
2.61780104712042
98.4293193717278
2.61780104712042
12.303664921466
2.61780104712042
2.61780104712042
2.61780104712042
97.9930191972077
2.61780104712042
41.0994764397906
16.8411867364747
2.61780104712042
83.5078534031414
2.61780104712042
2.61780104712042
65.9685863874346
2.61780104712042
9.86038394415358
2.61780104712042
2.61780104712042
2.61780104712042
2.61780104712042
7.32984293193717
7.24258289703316
19.8080279232112
2.79232111692845
46.4223385689354
96.4223385689354
34.9912739965096
3.1413612565445
6.282722513089
2.61780104712042
19.9825479930192
5.49738219895288
46.9458987783595
2.61780104712042
2.61780104712042
33.8568935427574
9.86038394415358
3.22862129144852
4.62478184991274
2.61780104712042
66.9284467713787
2.61780104712042
2.96684118673647
99.2146596858639
2.61780104712042
8.7260034904014
2.61780104712042
2.87958115183246
2.61780104712042
54.7120418848168
2.61780104712042
31.6753926701571
39.9650959860384
2.61780104712042
2.61780104712042
60.3839441535777
2.61780104712042
2.61780104712042
2.61780104712042
5.49738219895288
2.61780104712042
3.83944153577661
56.8062827225131
2.61780104712042
2.61780104712042
2.61780104712042
93.2809773123909
46.5968586387435
2.61780104712042
2.61780104712042
96.6841186736475
2.61780104712042
2.61780104712042
4.9738219895288
65.0959860383944
2.61780104712042
95.8987783595113
2.61780104712042
3.31588132635253
2.61780104712042
8.1151832460733
2.61780104712042
98.1675392670157
2.61780104712042
2.61780104712042
2.61780104712042
2.61780104712042
25.9162303664921
60.8202443280977
5.32286212914485
6.98080279232112
2.61780104712042
99.0401396160558
27.3996509598604
6.80628272251309
68.499127399651
2.70506108202443
83.5078534031414
2.61780104712042
2.61780104712042
42.6701570680628
81.588132635253
2.61780104712042
2.61780104712042
2.61780104712042
2.61780104712042
71.3787085514834
64.3106457242583
53.2286212914485
2.61780104712042
26.0907504363002
2.61780104712042
2.61780104712042
54.1012216404887
12.739965095986
2.61780104712042
2.61780104712042
15.7940663176265
99.3891797556719
59.6858638743455
2.61780104712042
2.61780104712042
2.61780104712042
2.61780104712042
2.61780104712042
2.79232111692845
44.9389179755672
2.61780104712042
2.61780104712042
2.61780104712042
3.31588132635253
2.61780104712042
2.61780104712042
2.61780104712042
2.61780104712042
59.5986038394415
3.7521815008726
2.61780104712042
2.61780104712042
2.61780104712042
2.61780104712042
91.7102966841187
2.70506108202443
2.61780104712042
3.92670157068063
2.61780104712042
2.61780104712042
2.61780104712042
2.61780104712042
7.59162303664921
2.61780104712042
2.61780104712042
2.61780104712042
3.22862129144852
5.14834205933682
2.61780104712042
2.61780104712042
42.6701570680628
2.70506108202443
8.7260034904014
4.88656195462478
2.61780104712042
32.4607329842932
19.1099476439791
26.4397905759162
3.22862129144852
2.61780104712042
2.61780104712042
2.61780104712042
2.61780104712042
16.0558464223386
2.61780104712042
2.61780104712042
2.61780104712042
15.0959860383944
4.01396160558464
5.14834205933682
2.61780104712042
2.61780104712042
3.7521815008726
2.61780104712042
15.0087260034904
2.61780104712042
2.61780104712042
9.42408376963351
2.61780104712042
2.61780104712042
2.61780104712042
2.61780104712042
2.61780104712042
68.760907504363
2.61780104712042
48.0802792321117
2.61780104712042
84.2931937172775
2.61780104712042
2.61780104712042
2.61780104712042
2.61780104712042
2.61780104712042
11.6055846422339
2.61780104712042
2.61780104712042
75.043630017452
92.3211169284468
2.61780104712042
2.87958115183246
2.61780104712042
8.7260034904014
4.53752181500873
4.10122164048866
2.61780104712042
100
2.61780104712042
2.61780104712042
16.4921465968586
75.130890052356
53.4031413612565
11.2565445026178
32.1989528795811
8.55148342059337
3.31588132635253
2.79232111692845
2.61780104712042
2.61780104712042
2.61780104712042
2.61780104712042
4.18848167539267
3.7521815008726
2.61780104712042
2.61780104712042
10.6457242582897
5.58464223385689
8.90052356020942
2.61780104712042
2.61780104712042
2.61780104712042
5.32286212914485
2.61780104712042
2.61780104712042
11.0820244328098
2.61780104712042
37.783595113438
2.61780104712042
2.61780104712042
2.61780104712042
3.31588132635253
84.2931937172775
68.0628272251309
2.61780104712042
81.326352530541
9.51134380453752
14.2233856893543
2.61780104712042
2.61780104712042
2.61780104712042
2.61780104712042
6.02094240837696
2.61780104712042
2.61780104712042
73.7347294938918
19.9825479930192
2.61780104712042
75.9162303664921
96.0732984293194
43.804537521815
2.61780104712042
43.717277486911
2.61780104712042
2.61780104712042
59.8603839441536
2.61780104712042
2.61780104712042
2.61780104712042
2.61780104712042
2.61780104712042
2.61780104712042
2.61780104712042
2.61780104712042
11.5183246073298
2.61780104712042
3.49040139616056
2.61780104712042
9.16230366492147
2.61780104712042
2.61780104712042
2.61780104712042
2.61780104712042
2.61780104712042
28.0104712041885
4.62478184991274
2.61780104712042
2.61780104712042
2.61780104712042
2.61780104712042
2.61780104712042
2.61780104712042
2.61780104712042
2.96684118673647
2.61780104712042
2.61780104712042
4.53752181500873
3.05410122164049
2.61780104712042
2.61780104712042
2.70506108202443
2.61780104712042
95.4624781849913
2.61780104712042
2.61780104712042
87.260034904014
2.61780104712042
2.96684118673647
2.61780104712042
2.61780104712042
2.61780104712042
2.61780104712042
25.3926701570681
2.61780104712042
2.61780104712042
2.61780104712042
55.5846422338569
2.61780104712042
2.61780104712042
2.61780104712042
2.61780104712042
70.5933682373473
2.61780104712042
2.61780104712042
2.61780104712042
2.61780104712042
28.0977312390925
2.61780104712042
2.96684118673647
2.61780104712042
26.8760907504363
2.61780104712042
65.4450261780105
2.61780104712042
2.61780104712042
2.61780104712042
2.70506108202443
2.61780104712042
2.61780104712042
2.61780104712042
2.61780104712042
7.76614310645724
36.5619546247818
2.61780104712042
2.61780104712042
2.61780104712042
12.565445026178
2.61780104712042
2.61780104712042
11.8673647469459
33.8568935427574
3.1413612565445
2.61780104712042
29.3193717277487
11.6055846422339
68.2373472949389
2.61780104712042
6.10820244328098
2.61780104712042
2.61780104712042
2.61780104712042
2.61780104712042
2.61780104712042
2.61780104712042
3.22862129144852
83.9441535776614
2.61780104712042
73.1239092495637
2.61780104712042
2.61780104712042
2.61780104712042
6.71902268760907
2.61780104712042
36.9982547993019
2.61780104712042
24.6073298429319
2.61780104712042
2.61780104712042
2.61780104712042
2.61780104712042
79.0575916230366
2.61780104712042
2.61780104712042
28.7085514834206
2.61780104712042
3.05410122164049
6.36998254799302
2.61780104712042
4.71204188481675
2.61780104712042
93.542757417103
3.7521815008726
2.61780104712042
2.61780104712042
5.23560209424084
2.61780104712042
100
2.61780104712042
2.61780104712042
2.61780104712042
2.61780104712042
2.61780104712042
2.61780104712042
2.61780104712042
6.63176265270506
2.61780104712042
2.61780104712042
99.1273996509599
2.61780104712042
87.60907504363
2.61780104712042
94.5898778359511
2.61780104712042
9.33682373472949
86.4746945898778
2.61780104712042
60.0349040139616
2.61780104712042
2.61780104712042
2.61780104712042
4.88656195462478
2.61780104712042
2.61780104712042
2.61780104712042
2.61780104712042
2.61780104712042
29.0575916230367
2.61780104712042
58.5514834205934
28.4467713787086
2.61780104712042
2.61780104712042
2.61780104712042
2.61780104712042
2.61780104712042
2.61780104712042
29.2321116928447
50.8726003490401
78.0104712041885
4.45026178010471
2.61780104712042
12.9144851657941
2.61780104712042
2.61780104712042
2.61780104712042
45.6369982547993
2.61780104712042
2.61780104712042
2.61780104712042
88.2198952879581
2.87958115183246
36.9109947643979
2.61780104712042
2.70506108202443
23.2984293193717
2.61780104712042
2.61780104712042
2.61780104712042
3.83944153577661
2.96684118673647
36.6492146596859
10.8202443280977
2.61780104712042
4.79930191972077
96.4223385689354
2.61780104712042
2.61780104712042
2.61780104712042
2.96684118673647
2.61780104712042
70.7678883071553
3.49040139616056
30.8027923211169
2.61780104712042
4.71204188481675
2.61780104712042
2.61780104712042
2.61780104712042
28.9703315881326
2.61780104712042
2.61780104712042
2.61780104712042
19.8080279232112
89.2670157068063
12.739965095986
9.16230366492147
2.61780104712042
2.79232111692845
2.61780104712042
2.61780104712042
2.61780104712042
2.61780104712042
2.61780104712042
2.61780104712042
2.61780104712042
2.61780104712042
2.61780104712042
2.61780104712042
3.22862129144852
2.61780104712042
39.5287958115183
14.8342059336824
2.61780104712042
24.2582897033159
5.67190226876091
2.61780104712042
9.33682373472949
2.61780104712042
2.61780104712042
76.0907504363002
2.61780104712042
2.79232111692845
2.61780104712042
12.216404886562
23.6474694589878
2.61780104712042
2.61780104712042
20.1570680628272
3.1413612565445
23.5602094240838
2.61780104712042
2.61780104712042
2.61780104712042
2.61780104712042
2.61780104712042
98.9528795811518
4.53752181500873
82.2862129144852
2.61780104712042
2.61780104712042
12.0418848167539
2.61780104712042
2.61780104712042
15.1832460732984
2.61780104712042
8.28970331588133
2.61780104712042
19.8080279232112
2.61780104712042
2.79232111692845
2.61780104712042
2.61780104712042
2.61780104712042
2.61780104712042
2.61780104712042
11.7801047120419
2.61780104712042
60.5584642233857
8.98778359511344
2.61780104712042
3.57766143106457
53.4904013961606
6.45724258289703
21.3787085514834
2.61780104712042
2.61780104712042
2.61780104712042
2.61780104712042
2.61780104712042
84.5549738219895
3.7521815008726
2.61780104712042
2.61780104712042
25.043630017452
2.61780104712042
2.61780104712042
9.51134380453752
7.76614310645724
8.46422338568935
37.434554973822
13.7870855148342
7.06806282722513
10.4712041884817
2.61780104712042
2.61780104712042
5.84642233856894
2.61780104712042
2.61780104712042
2.61780104712042
2.61780104712042
2.61780104712042
2.61780104712042
2.61780104712042
49.738219895288
2.61780104712042
2.61780104712042
2.87958115183246
2.61780104712042
2.61780104712042
53.6649214659686
50.5235602094241
2.61780104712042
2.70506108202443
2.61780104712042
3.1413612565445
2.61780104712042
2.61780104712042
2.61780104712042
2.61780104712042
19.3717277486911
91.0122164048866
2.61780104712042
3.57766143106457
2.61780104712042
13.8743455497382
2.61780104712042
2.61780104712042
41.0122164048866
88.6561954624782
2.61780104712042
2.61780104712042
2.61780104712042
61.8673647469459
34.9912739965096
99.2146596858639
2.61780104712042
20.0698080279232
2.61780104712042
2.61780104712042
7.41710296684119
2.61780104712042
2.61780104712042
5.84642233856894
2.61780104712042
68.935427574171
2.61780104712042
9.24956369982548
17.0157068062827
9.77312390924956
2.61780104712042
7.85340314136126
2.61780104712042
2.61780104712042
2.61780104712042
2.61780104712042
2.61780104712042
2.61780104712042
2.61780104712042
2.61780104712042
2.61780104712042
2.61780104712042
46.4223385689354
18.2373472949389
2.61780104712042
58.9005235602094
2.61780104712042
63.6998254799302
20.8551483420593
2.61780104712042
54.3630017452007
2.61780104712042
21.2041884816754
2.61780104712042
2.61780104712042
73.4729493891798
2.79232111692845
4.53752181500873
2.70506108202443
11.8673647469459
73.1239092495637
2.61780104712042
2.61780104712042
2.61780104712042
6.282722513089
2.61780104712042
2.61780104712042
14.5724258289703
76.5270506108202
3.1413612565445
2.61780104712042
2.61780104712042
54.5375218150087
71.3787085514834
2.61780104712042
2.61780104712042
2.61780104712042
5.84642233856894
2.61780104712042
3.1413612565445
2.61780104712042
2.61780104712042
2.61780104712042
89.3542757417103
2.61780104712042
9.59860383944154
2.61780104712042
2.61780104712042
2.61780104712042
2.61780104712042
2.61780104712042
2.61780104712042
99.1273996509599
2.61780104712042
3.05410122164049
40.5759162303665
2.61780104712042
90.3141361256545
2.61780104712042
14.7469458987784
2.61780104712042
2.70506108202443
2.61780104712042
7.94066317626527
2.61780104712042
2.61780104712042
2.61780104712042
17.3647469458988
11.2565445026178
2.61780104712042
3.1413612565445
2.61780104712042
2.61780104712042
10.6457242582897
2.61780104712042
6.8935427574171
2.61780104712042
84.0314136125654
77.9232111692845
3.05410122164049
2.61780104712042
2.61780104712042
2.61780104712042
2.61780104712042
2.61780104712042
2.61780104712042
2.61780104712042
14.9214659685864
2.61780104712042
2.61780104712042
5.32286212914485
2.61780104712042
61.0820244328098
58.7260034904014
9.86038394415358
2.96684118673647
3.1413612565445
41.7102966841187
16.8411867364747
2.61780104712042
8.63874345549738
2.61780104712042
3.92670157068063
64.9214659685864
42.4083769633508
2.61780104712042
2.61780104712042
53.7521815008726
2.61780104712042
79.3193717277487
2.61780104712042
87.60907504363
2.61780104712042
2.61780104712042
2.61780104712042
44.3280977312391
2.61780104712042
5.67190226876091
2.61780104712042
2.61780104712042
2.61780104712042
2.61780104712042
58.9005235602094
51.7452006980803
79.0575916230366
3.66492146596859
2.61780104712042
68.673647469459
2.61780104712042
2.61780104712042
5.67190226876091
57.9406631762653
13.4380453752181
13.1762652705061
2.61780104712042
81.8499127399651
2.61780104712042
2.61780104712042
22.9493891797557
7.24258289703316
3.40314136125654
2.61780104712042
2.61780104712042
49.3019197207679
2.61780104712042
22.3385689354276
2.61780104712042
3.83944153577661
2.61780104712042
2.61780104712042
53.9267015706806
26.7015706806283
7.32984293193717
28.0104712041885
2.61780104712042
2.61780104712042
94.5898778359511
94.1535776614311
2.61780104712042
15.4450261780105
2.61780104712042
14.0488656195462
11.2565445026178
2.61780104712042
2.61780104712042
65.3577661431065
2.61780104712042
2.61780104712042
68.760907504363
2.61780104712042
2.61780104712042
4.10122164048866
17.0157068062827
2.61780104712042
2.61780104712042
2.61780104712042
5.84642233856894
2.61780104712042
2.61780104712042
5.49738219895288
35.1657940663176
31.239092495637
2.61780104712042
2.61780104712042
2.61780104712042
2.61780104712042
32.1116928446771
4.01396160558464
84.6422338568935
83.2460732984293
2.61780104712042
2.61780104712042
5.93368237347295
5.58464223385689
9.42408376963351
47.5567190226876
2.61780104712042
2.61780104712042
83.8568935427574
2.61780104712042
21.9022687609075
2.61780104712042
4.27574171029668
2.61780104712042
2.61780104712042
2.61780104712042
90.2268760907504
2.61780104712042
