"x"
2.61780104712042
2.61780104712042
3.05410122164049
2.61780104712042
56.6317626527051
2.61780104712042
4.45026178010471
28.0104712041885
3.31588132635253
2.61780104712042
92.0593368237347
2.61780104712042
2.61780104712042
2.61780104712042
2.61780104712042
2.61780104712042
2.61780104712042
20.9424083769633
2.61780104712042
2.61780104712042
24.4328097731239
20.9424083769633
2.61780104712042
2.61780104712042
2.61780104712042
80.1047120418848
66.9284467713787
2.70506108202443
5.67190226876091
2.61780104712042
2.61780104712042
2.61780104712042
12.0418848167539
3.49040139616056
2.61780104712042
2.61780104712042
8.37696335078534
30.3664921465969
2.61780104712042
55.0610820244328
24.956369982548
2.61780104712042
2.61780104712042
2.61780104712042
2.61780104712042
2.61780104712042
2.61780104712042
2.79232111692845
2.61780104712042
5.67190226876091
2.61780104712042
3.05410122164049
21.2914485165794
2.61780104712042
18.848167539267
2.61780104712042
2.61780104712042
23.9092495636998
2.61780104712042
2.61780104712042
94.8516579406632
24.78184991274
3.83944153577661
2.61780104712042
30.5410122164049
2.61780104712042
42.3211169284468
2.61780104712042
2.61780104712042
2.61780104712042
11.2565445026178
2.61780104712042
2.79232111692845
3.1413612565445
42.3211169284468
2.61780104712042
2.61780104712042
2.61780104712042
2.61780104712042
2.61780104712042
22.7748691099476
2.61780104712042
29.6684118673647
2.61780104712042
2.61780104712042
2.61780104712042
2.61780104712042
61.8673647469459
2.61780104712042
31.7626527050611
2.61780104712042
5.14834205933682
2.70506108202443
4.71204188481675
2.61780104712042
2.61780104712042
47.8184991273996
5.75916230366492
2.70506108202443
2.61780104712042
4.45026178010471
55.5846422338569
13.0890052356021
2.61780104712042
47.6439790575916
2.61780104712042
5.06108202443281
3.66492146596859
2.61780104712042
24.0837696335079
2.61780104712042
2.61780104712042
2.61780104712042
41.1867364746946
99.738219895288
4.9738219895288
2.61780104712042
42.9319371727749
6.71902268760907
2.61780104712042
2.61780104712042
6.8935427574171
2.70506108202443
2.61780104712042
2.79232111692845
2.79232111692845
89.0052356020942
2.61780104712042
2.61780104712042
2.61780104712042
2.61780104712042
5.06108202443281
28.4467713787086
2.61780104712042
3.1413612565445
10.6457242582897
2.61780104712042
2.61780104712042
2.61780104712042
2.61780104712042
89.5287958115183
59.4240837696335
2.61780104712042
7.5043630017452
2.61780104712042
2.61780104712042
3.92670157068063
2.61780104712042
67.8010471204188
2.61780104712042
2.61780104712042
95.3752181500873
2.61780104712042
2.61780104712042
2.61780104712042
2.61780104712042
2.61780104712042
93.1937172774869
2.61780104712042
13.7870855148342
2.61780104712042
2.61780104712042
2.87958115183246
2.61780104712042
85.6893542757417
49.0401396160558
9.51134380453752
2.61780104712042
2.61780104712042
2.61780104712042
2.61780104712042
2.61780104712042
2.61780104712042
2.61780104712042
2.61780104712042
2.61780104712042
2.61780104712042
2.61780104712042
2.61780104712042
2.61780104712042
2.61780104712042
63.6998254799302
4.10122164048866
2.61780104712042
2.61780104712042
2.61780104712042
2.61780104712042
85.8638743455497
2.61780104712042
94.4153577661431
4.01396160558464
2.61780104712042
6.63176265270506
2.61780104712042
11.8673647469459
16.2303664921466
2.70506108202443
2.61780104712042
57.4171029668412
2.61780104712042
2.61780104712042
2.61780104712042
2.61780104712042
2.61780104712042
85.9511343804538
6.10820244328098
3.83944153577661
2.61780104712042
76.0907504363002
2.61780104712042
2.61780104712042
2.61780104712042
93.1064572425829
27.5741710296684
2.61780104712042
2.61780104712042
3.05410122164049
94.5898778359511
2.61780104712042
4.53752181500873
2.61780104712042
2.61780104712042
2.61780104712042
2.79232111692845
2.61780104712042
12.565445026178
2.61780104712042
70.3315881326352
2.61780104712042
3.57766143106457
2.61780104712042
6.02094240837696
2.61780104712042
8.1151832460733
2.61780104712042
2.61780104712042
2.61780104712042
2.70506108202443
2.61780104712042
13.9616055846422
2.61780104712042
2.61780104712042
2.61780104712042
2.61780104712042
2.61780104712042
2.61780104712042
3.40314136125654
88.0453752181501
2.61780104712042
2.61780104712042
47.4694589877836
7.24258289703316
6.282722513089
6.36998254799302
4.9738219895288
2.61780104712042
2.61780104712042
83.6823734729494
2.61780104712042
25.5671902268761
100
2.61780104712042
2.61780104712042
100
3.49040139616056
2.61780104712042
2.61780104712042
2.61780104712042
99.6509598603839
11.2565445026178
7.59162303664921
9.86038394415358
10.1221640488656
2.61780104712042
2.61780104712042
39.3542757417103
11.3438045375218
3.22862129144852
3.7521815008726
2.61780104712042
2.61780104712042
75.5671902268761
8.81326352530541
2.61780104712042
2.61780104712042
65.9685863874346
97.9057591623037
2.61780104712042
5.84642233856894
2.61780104712042
63.1762652705061
2.61780104712042
2.61780104712042
2.70506108202443
2.61780104712042
53.0541012216405
3.49040139616056
2.61780104712042
26.0034904013962
5.41012216404887
81.064572425829
2.61780104712042
2.61780104712042
16.3176265270506
3.05410122164049
2.61780104712042
2.61780104712042
2.61780104712042
2.61780104712042
45.2006980802792
2.61780104712042
2.61780104712042
2.61780104712042
2.61780104712042
23.9965095986038
2.61780104712042
15.9685863874346
2.70506108202443
2.61780104712042
2.61780104712042
3.57766143106457
2.61780104712042
2.61780104712042
5.32286212914485
2.61780104712042
4.01396160558464
50.261780104712
2.70506108202443
3.05410122164049
2.61780104712042
9.07504363001745
51.1343804537522
2.61780104712042
4.3630017452007
2.61780104712042
2.61780104712042
2.61780104712042
81.064572425829
2.61780104712042
4.62478184991274
2.61780104712042
2.61780104712042
2.61780104712042
2.61780104712042
2.61780104712042
3.22862129144852
9.94764397905759
54.4502617801047
2.61780104712042
2.61780104712042
13.0017452006981
2.61780104712042
2.61780104712042
4.27574171029668
2.61780104712042
69.2844677137871
2.61780104712042
2.61780104712042
2.61780104712042
2.87958115183246
2.61780104712042
5.49738219895288
2.61780104712042
2.61780104712042
2.61780104712042
2.61780104712042
2.61780104712042
2.61780104712042
7.67888307155323
59.5986038394415
2.96684118673647
3.22862129144852
9.59860383944154
13.0890052356021
2.61780104712042
2.61780104712042
2.61780104712042
2.96684118673647
8.90052356020942
2.61780104712042
16.8411867364747
2.61780104712042
17.5392670157068
2.79232111692845
8.46422338568935
2.61780104712042
81.588132635253
40.1396160558464
2.61780104712042
94.8516579406632
2.61780104712042
4.27574171029668
97.1204188481675
79.0575916230366
2.96684118673647
2.61780104712042
2.61780104712042
2.61780104712042
2.61780104712042
2.61780104712042
2.61780104712042
2.87958115183246
88.3944153577661
9.68586387434555
33.0715532286213
2.61780104712042
67.4520069808028
91.7975567190227
2.61780104712042
2.61780104712042
29.4938917975567
2.61780104712042
2.61780104712042
2.61780104712042
2.61780104712042
2.61780104712042
2.70506108202443
78.2722513089005
2.61780104712042
7.59162303664921
2.61780104712042
2.61780104712042
2.87958115183246
2.61780104712042
2.61780104712042
66.8411867364747
2.61780104712042
2.61780104712042
10.1221640488656
2.61780104712042
28.0104712041885
2.61780104712042
87.1727748691099
3.92670157068063
2.61780104712042
77.9232111692845
2.61780104712042
2.61780104712042
2.61780104712042
78.9703315881326
79.5811518324607
3.7521815008726
11.2565445026178
2.61780104712042
5.84642233856894
51.3961605584642
2.61780104712042
2.61780104712042
6.36998254799302
2.61780104712042
2.61780104712042
5.14834205933682
2.96684118673647
2.61780104712042
2.61780104712042
2.61780104712042
2.61780104712042
4.9738219895288
2.61780104712042
66.7539267015707
2.61780104712042
49.3019197207679
2.61780104712042
2.61780104712042
88.3071553228621
2.61780104712042
3.1413612565445
2.61780104712042
93.542757417103
2.61780104712042
5.49738219895288
2.61780104712042
2.61780104712042
9.59860383944154
2.61780104712042
2.61780104712042
2.70506108202443
4.53752181500873
67.1029668411867
2.61780104712042
5.67190226876091
2.61780104712042
35.1657940663176
2.61780104712042
21.1169284467714
2.61780104712042
46.2478184991274
2.61780104712042
5.49738219895288
2.61780104712042
53.7521815008726
2.61780104712042
2.61780104712042
91.7975567190227
2.61780104712042
2.61780104712042
38.7434554973822
2.61780104712042
18.4118673647469
2.61780104712042
82.3734729493892
17.3647469458988
2.61780104712042
2.61780104712042
2.61780104712042
10.5584642233857
2.61780104712042
2.61780104712042
2.61780104712042
91.0994764397906
2.61780104712042
28.8830715532286
2.61780104712042
11.4310645724258
2.61780104712042
100
81.239092495637
2.61780104712042
2.61780104712042
33.8568935427574
2.61780104712042
2.61780104712042
30.977312390925
30.1047120418848
2.61780104712042
2.61780104712042
2.61780104712042
45.8115183246073
2.61780104712042
68.586387434555
13.6998254799302
2.79232111692845
14.5724258289703
2.61780104712042
23.0366492146597
2.61780104712042
2.61780104712042
2.61780104712042
2.61780104712042
2.61780104712042
5.32286212914485
2.61780104712042
10.7329842931937
2.61780104712042
2.61780104712042
4.88656195462478
5.23560209424084
2.61780104712042
2.61780104712042
2.61780104712042
80.5410122164049
2.61780104712042
51.2216404886562
2.61780104712042
54.1012216404887
84.5549738219895
2.61780104712042
2.61780104712042
8.37696335078534
2.61780104712042
2.61780104712042
2.61780104712042
2.61780104712042
49.5636998254799
2.61780104712042
2.61780104712042
2.61780104712042
2.61780104712042
2.61780104712042
2.61780104712042
2.61780104712042
2.61780104712042
46.2478184991274
2.61780104712042
50
2.61780104712042
95.6369982547993
38.2198952879581
2.61780104712042
2.61780104712042
87.434554973822
2.61780104712042
2.61780104712042
26.0034904013962
51.3961605584642
9.24956369982548
16.9284467713787
22.9493891797557
41.2739965095986
2.61780104712042
2.61780104712042
2.61780104712042
2.61780104712042
2.61780104712042
2.61780104712042
15.8813263525305
25.9162303664921
13.6125654450262
2.61780104712042
67.1902268760907
8.20244328097731
2.61780104712042
2.61780104712042
78.1849912739965
2.61780104712042
55.4973821989529
5.67190226876091
2.61780104712042
93.4554973821989
33.5078534031414
100
8.20244328097731
2.61780104712042
2.61780104712042
2.79232111692845
15.5322862129145
2.61780104712042
2.61780104712042
73.5602094240838
2.61780104712042
2.61780104712042
7.67888307155323
8.7260034904014
2.61780104712042
2.61780104712042
2.61780104712042
80.2792321116928
2.61780104712042
2.61780104712042
7.06806282722513
2.61780104712042
2.61780104712042
10.7329842931937
4.79930191972077
15.4450261780105
2.61780104712042
2.61780104712042
2.61780104712042
2.61780104712042
14.3106457242583
2.61780104712042
60.2966841186736
2.61780104712042
3.92670157068063
3.05410122164049
3.92670157068063
8.98778359511344
90.3141361256545
7.5043630017452
3.83944153577661
4.18848167539267
2.61780104712042
2.61780104712042
2.61780104712042
2.61780104712042
38.4816753926702
2.61780104712042
2.61780104712042
2.79232111692845
2.61780104712042
5.84642233856894
2.61780104712042
2.61780104712042
29.1448516579407
2.61780104712042
40.4013961605585
2.61780104712042
2.61780104712042
3.66492146596859
57.8534031413613
2.61780104712042
3.49040139616056
2.61780104712042
2.61780104712042
14.0488656195462
2.61780104712042
24.3455497382199
2.61780104712042
2.61780104712042
2.61780104712042
2.61780104712042
2.96684118673647
2.61780104712042
2.61780104712042
2.61780104712042
2.61780104712042
2.61780104712042
2.61780104712042
2.61780104712042
59.5986038394415
2.61780104712042
2.61780104712042
10.5584642233857
91.9720767888307
2.61780104712042
72.6876090750436
2.61780104712042
95.5497382198953
2.61780104712042
21.8150087260035
2.61780104712042
2.61780104712042
20.0698080279232
12.1291448516579
2.61780104712042
2.61780104712042
2.61780104712042
2.61780104712042
8.7260034904014
33.9441535776614
23.7347294938918
52.0942408376963
2.61780104712042
2.61780104712042
43.630017452007
2.61780104712042
2.61780104712042
3.40314136125654
26.9633507853403
2.61780104712042
2.61780104712042
2.61780104712042
2.61780104712042
2.61780104712042
2.61780104712042
2.61780104712042
13.4380453752181
17.9755671902269
2.61780104712042
10.2966841186736
5.41012216404887
27.3996509598604
2.96684118673647
7.94066317626527
2.61780104712042
8.7260034904014
2.61780104712042
86.4746945898778
2.61780104712042
2.61780104712042
46.5095986038394
2.61780104712042
3.1413612565445
2.61780104712042
28.3595113438045
3.22862129144852
20.8551483420593
2.61780104712042
97.6439790575916
94.5898778359511
37.9581151832461
91.4485165794066
2.61780104712042
2.61780104712042
20.2443280977312
2.61780104712042
2.61780104712042
2.61780104712042
56.282722513089
2.61780104712042
2.61780104712042
2.61780104712042
2.61780104712042
32.9842931937173
3.49040139616056
2.61780104712042
2.61780104712042
2.61780104712042
36.6492146596859
2.61780104712042
3.49040139616056
40.9249563699825
2.61780104712042
5.49738219895288
9.42408376963351
2.61780104712042
2.61780104712042
2.61780104712042
17.4520069808028
2.61780104712042
2.61780104712042
2.61780104712042
34.9912739965096
2.61780104712042
2.61780104712042
14.2233856893543
6.63176265270506
3.05410122164049
2.61780104712042
18.499127399651
2.61780104712042
29.0575916230367
70.5061082024433
5.49738219895288
2.61780104712042
2.61780104712042
32.9842931937173
2.61780104712042
19.6335078534031
2.61780104712042
2.61780104712042
61.1692844677138
2.61780104712042
51.9197207678883
2.61780104712042
58.6387434554974
40.0523560209424
2.61780104712042
2.61780104712042
2.61780104712042
2.61780104712042
2.61780104712042
2.61780104712042
73.4729493891798
2.61780104712042
4.79930191972077
2.61780104712042
2.61780104712042
33.0715532286213
2.61780104712042
2.61780104712042
2.61780104712042
10.6457242582897
2.61780104712042
2.61780104712042
2.61780104712042
25.8289703315881
46.1605584642234
33.9441535776614
33.8568935427574
98.5165794066318
2.61780104712042
12.652705061082
6.10820244328098
2.61780104712042
2.61780104712042
18.499127399651
2.61780104712042
31.413612565445
65.1832460732984
2.61780104712042
30.5410122164049
60.9075043630017
4.88656195462478
2.61780104712042
14.5724258289703
2.61780104712042
2.87958115183246
3.40314136125654
2.61780104712042
30.4537521815009
2.61780104712042
2.61780104712042
52.0069808027923
6.282722513089
2.61780104712042
22.9493891797557
2.61780104712042
83.2460732984293
2.61780104712042
2.70506108202443
2.79232111692845
2.61780104712042
2.61780104712042
2.61780104712042
2.61780104712042
95.8987783595113
2.61780104712042
82.7225130890052
2.61780104712042
2.61780104712042
2.61780104712042
83.1588132635253
63.6998254799302
29.1448516579407
2.61780104712042
2.61780104712042
2.61780104712042
17.1902268760908
2.61780104712042
6.71902268760907
2.61780104712042
2.61780104712042
86.2129144851658
2.61780104712042
2.61780104712042
2.61780104712042
2.61780104712042
3.22862129144852
2.61780104712042
2.61780104712042
2.61780104712042
2.61780104712042
67.5392670157068
7.59162303664921
2.61780104712042
2.61780104712042
24.6073298429319
8.55148342059337
2.61780104712042
2.61780104712042
2.61780104712042
10.1221640488656
2.61780104712042
80.6282722513089
91.2739965095986
2.61780104712042
2.61780104712042
2.61780104712042
2.61780104712042
6.19546247818499
2.79232111692845
2.61780104712042
4.88656195462478
2.61780104712042
2.61780104712042
2.61780104712042
2.61780104712042
16.0558464223386
2.61780104712042
2.61780104712042
16.5794066317627
2.61780104712042
2.61780104712042
2.61780104712042
2.61780104712042
2.61780104712042
2.61780104712042
64.3106457242583
2.61780104712042
2.61780104712042
2.61780104712042
3.57766143106457
41.2739965095986
92.9319371727749
2.61780104712042
10.3839441535777
2.61780104712042
91.6230366492147
3.1413612565445
86.3001745200698
5.58464223385689
2.61780104712042
2.61780104712042
2.61780104712042
2.61780104712042
71.5532286212915
88.5689354275742
2.61780104712042
2.61780104712042
6.282722513089
2.61780104712042
2.61780104712042
2.61780104712042
2.61780104712042
3.57766143106457
2.70506108202443
2.61780104712042
23.5602094240838
37.0855148342059
2.61780104712042
2.61780104712042
2.61780104712042
2.61780104712042
2.61780104712042
2.61780104712042
91.0994764397906
2.96684118673647
2.61780104712042
3.83944153577661
16.4048865619546
2.61780104712042
2.61780104712042
2.61780104712042
36.6492146596859
2.61780104712042
41.9720767888307
39.5287958115183
2.61780104712042
2.61780104712042
2.61780104712042
2.61780104712042
4.18848167539267
81.413612565445
2.61780104712042
8.46422338568935
2.61780104712042
2.61780104712042
88.2198952879581
2.61780104712042
2.61780104712042
21.5532286212914
2.61780104712042
5.06108202443281
3.49040139616056
93.1937172774869
2.61780104712042
10.3839441535777
2.61780104712042
94.1535776614311
