"x"
2.70506108202443
24.78184991274
2.70506108202443
12.1291448516579
2.70506108202443
2.70506108202443
3.05410122164049
2.70506108202443
34.0314136125654
2.70506108202443
2.70506108202443
2.70506108202443
2.79232111692845
58.9877835951134
2.70506108202443
2.70506108202443
2.70506108202443
72.3385689354276
2.70506108202443
2.70506108202443
52.2687609075044
2.70506108202443
2.70506108202443
3.05410122164049
2.70506108202443
2.70506108202443
6.71902268760907
2.70506108202443
2.70506108202443
2.70506108202443
2.70506108202443
7.67888307155323
73.0366492146597
72.6003490401396
2.70506108202443
33.0715532286213
2.70506108202443
2.70506108202443
2.70506108202443
2.70506108202443
2.70506108202443
20.3315881326353
2.70506108202443
2.70506108202443
13.6125654450262
59.8603839441536
15.7940663176265
2.70506108202443
2.70506108202443
78.0104712041885
2.70506108202443
3.1413612565445
2.70506108202443
2.70506108202443
2.70506108202443
2.70506108202443
2.70506108202443
2.70506108202443
2.70506108202443
2.70506108202443
2.70506108202443
2.70506108202443
3.57766143106457
6.8935427574171
2.87958115183246
3.31588132635253
2.70506108202443
2.70506108202443
2.70506108202443
2.70506108202443
2.70506108202443
29.6684118673647
28.7085514834206
4.18848167539267
2.70506108202443
2.70506108202443
2.70506108202443
2.70506108202443
2.70506108202443
2.70506108202443
19.2844677137871
2.70506108202443
2.70506108202443
2.70506108202443
2.70506108202443
18.3246073298429
2.79232111692845
2.70506108202443
5.75916230366492
2.70506108202443
2.70506108202443
32.9842931937173
2.70506108202443
2.70506108202443
3.40314136125654
2.70506108202443
2.70506108202443
2.70506108202443
2.70506108202443
2.70506108202443
2.70506108202443
94.0663176265271
2.70506108202443
2.70506108202443
2.70506108202443
4.01396160558464
2.87958115183246
4.01396160558464
2.70506108202443
2.70506108202443
22.0767888307155
2.70506108202443
13.9616055846422
3.31588132635253
9.86038394415358
95.8987783595113
66.3176265270506
45.3752181500873
2.70506108202443
2.70506108202443
2.70506108202443
2.70506108202443
2.70506108202443
2.70506108202443
54.7993019197208
2.70506108202443
2.70506108202443
2.70506108202443
46.1605584642234
2.70506108202443
2.70506108202443
2.70506108202443
2.87958115183246
68.586387434555
2.87958115183246
2.70506108202443
2.70506108202443
2.70506108202443
3.7521815008726
2.70506108202443
10.9947643979058
2.70506108202443
2.70506108202443
2.70506108202443
2.70506108202443
2.96684118673647
2.70506108202443
2.70506108202443
2.70506108202443
2.70506108202443
2.70506108202443
2.70506108202443
2.70506108202443
2.70506108202443
2.70506108202443
85.5148342059337
2.70506108202443
2.70506108202443
2.70506108202443
32.5479930191972
2.70506108202443
7.41710296684119
75.9162303664921
2.70506108202443
2.70506108202443
2.70506108202443
2.70506108202443
2.70506108202443
2.96684118673647
79.0575916230366
2.70506108202443
83.4205933682373
2.96684118673647
2.70506108202443
2.70506108202443
2.70506108202443
2.70506108202443
3.22862129144852
2.70506108202443
59.0750436300175
2.70506108202443
2.70506108202443
3.7521815008726
2.70506108202443
2.70506108202443
2.70506108202443
69.5462478184991
2.70506108202443
2.70506108202443
2.70506108202443
28.2722513089005
2.70506108202443
39.5287958115183
2.96684118673647
2.70506108202443
3.57766143106457
29.7556719022688
2.70506108202443
2.70506108202443
2.70506108202443
2.70506108202443
2.70506108202443
2.70506108202443
2.70506108202443
2.70506108202443
2.70506108202443
2.70506108202443
2.70506108202443
2.70506108202443
2.70506108202443
37.521815008726
2.70506108202443
98.8656195462478
2.70506108202443
2.70506108202443
2.70506108202443
2.70506108202443
2.70506108202443
2.70506108202443
2.70506108202443
6.98080279232112
2.70506108202443
2.70506108202443
90.2268760907504
2.70506108202443
2.70506108202443
2.70506108202443
5.23560209424084
2.70506108202443
2.70506108202443
2.70506108202443
5.14834205933682
3.57766143106457
18.586387434555
2.79232111692845
3.40314136125654
2.70506108202443
2.70506108202443
2.70506108202443
2.70506108202443
15.5322862129145
2.70506108202443
2.70506108202443
24.6073298429319
2.70506108202443
2.70506108202443
2.70506108202443
2.70506108202443
67.1029668411867
6.8935427574171
26.4397905759162
2.70506108202443
2.70506108202443
2.70506108202443
2.70506108202443
5.84642233856894
5.67190226876091
84.8167539267016
2.70506108202443
7.06806282722513
2.70506108202443
6.282722513089
2.70506108202443
2.70506108202443
2.70506108202443
2.70506108202443
2.70506108202443
2.70506108202443
8.20244328097731
2.70506108202443
2.70506108202443
2.70506108202443
2.70506108202443
2.70506108202443
37.260034904014
2.70506108202443
2.70506108202443
74.78184991274
2.70506108202443
2.70506108202443
66.0558464223386
9.33682373472949
6.71902268760907
2.70506108202443
2.70506108202443
3.40314136125654
51.7452006980803
2.70506108202443
2.70506108202443
63.4380453752182
10.0349040139616
2.70506108202443
2.70506108202443
2.70506108202443
2.70506108202443
2.79232111692845
68.3246073298429
36.3001745200698
2.70506108202443
2.70506108202443
2.70506108202443
2.70506108202443
2.70506108202443
2.70506108202443
2.70506108202443
3.31588132635253
2.70506108202443
2.70506108202443
99.738219895288
2.70506108202443
2.70506108202443
2.70506108202443
2.70506108202443
7.15532286212914
2.70506108202443
2.70506108202443
83.6823734729494
2.70506108202443
2.79232111692845
3.83944153577661
5.58464223385689
2.70506108202443
2.70506108202443
2.70506108202443
2.70506108202443
2.70506108202443
2.70506108202443
2.70506108202443
30.977312390925
2.70506108202443
2.70506108202443
2.79232111692845
2.70506108202443
3.05410122164049
2.70506108202443
2.70506108202443
2.70506108202443
3.40314136125654
2.70506108202443
2.70506108202443
2.70506108202443
2.87958115183246
37.60907504363
6.63176265270506
2.70506108202443
3.49040139616056
2.70506108202443
4.45026178010471
89.7033158813263
3.40314136125654
2.70506108202443
2.70506108202443
2.70506108202443
2.96684118673647
2.70506108202443
2.70506108202443
8.46422338568935
5.41012216404887
2.70506108202443
6.71902268760907
2.70506108202443
6.63176265270506
2.70506108202443
2.70506108202443
2.70506108202443
2.70506108202443
84.1186736474694
2.70506108202443
2.70506108202443
2.70506108202443
2.70506108202443
2.70506108202443
2.70506108202443
2.70506108202443
3.57766143106457
2.70506108202443
2.87958115183246
2.70506108202443
2.70506108202443
33.7696335078534
2.70506108202443
2.70506108202443
2.70506108202443
3.66492146596859
2.70506108202443
8.37696335078534
4.79930191972077
2.70506108202443
2.70506108202443
2.70506108202443
2.70506108202443
2.70506108202443
2.70506108202443
3.92670157068063
2.70506108202443
8.28970331588133
2.70506108202443
2.70506108202443
2.70506108202443
2.70506108202443
2.70506108202443
3.05410122164049
51.3961605584642
2.70506108202443
47.2076788830716
2.70506108202443
48.2547993019197
17.9755671902269
2.70506108202443
2.70506108202443
67.2774869109948
2.70506108202443
2.70506108202443
12.1291448516579
2.70506108202443
2.70506108202443
2.70506108202443
2.70506108202443
2.70506108202443
2.70506108202443
2.70506108202443
2.70506108202443
10.2094240837696
2.70506108202443
2.70506108202443
3.22862129144852
2.70506108202443
54.4502617801047
2.70506108202443
8.90052356020942
2.70506108202443
2.70506108202443
2.70506108202443
2.70506108202443
2.87958115183246
2.70506108202443
2.70506108202443
29.5811518324607
2.70506108202443
70.3315881326352
2.70506108202443
2.70506108202443
2.70506108202443
2.70506108202443
2.70506108202443
2.70506108202443
2.70506108202443
2.70506108202443
2.70506108202443
2.70506108202443
2.70506108202443
80.7155322862129
2.70506108202443
2.70506108202443
7.5043630017452
2.70506108202443
2.70506108202443
2.70506108202443
2.70506108202443
2.70506108202443
2.70506108202443
2.70506108202443
2.70506108202443
27.9232111692845
2.70506108202443
2.70506108202443
2.70506108202443
2.70506108202443
89.2670157068063
12.565445026178
2.70506108202443
2.70506108202443
2.70506108202443
2.70506108202443
2.70506108202443
2.70506108202443
2.70506108202443
2.70506108202443
2.70506108202443
2.70506108202443
2.70506108202443
2.70506108202443
2.70506108202443
2.70506108202443
2.70506108202443
2.70506108202443
2.70506108202443
2.70506108202443
2.70506108202443
5.67190226876091
2.79232111692845
2.70506108202443
10.9947643979058
2.70506108202443
6.19546247818499
2.70506108202443
2.70506108202443
6.98080279232112
59.1623036649215
2.70506108202443
2.70506108202443
3.40314136125654
2.70506108202443
2.70506108202443
2.87958115183246
2.70506108202443
2.70506108202443
2.70506108202443
80.977312390925
69.7207678883072
14.8342059336824
13.7870855148342
6.80628272251309
89.2670157068063
2.70506108202443
2.70506108202443
2.70506108202443
2.70506108202443
2.70506108202443
2.70506108202443
4.62478184991274
2.70506108202443
2.70506108202443
2.70506108202443
3.66492146596859
2.70506108202443
2.70506108202443
21.9022687609075
6.02094240837696
25.7417102966841
2.70506108202443
2.70506108202443
2.70506108202443
2.70506108202443
2.70506108202443
10.5584642233857
58.9877835951134
47.2949389179756
2.70506108202443
2.70506108202443
2.70506108202443
2.70506108202443
91.7975567190227
9.59860383944154
2.70506108202443
2.70506108202443
2.70506108202443
2.70506108202443
60.3839441535777
2.70506108202443
2.70506108202443
2.70506108202443
31.413612565445
83.7696335078534
2.70506108202443
62.0418848167539
2.70506108202443
2.70506108202443
2.70506108202443
2.70506108202443
2.70506108202443
2.70506108202443
2.70506108202443
2.70506108202443
2.70506108202443
11.8673647469459
3.66492146596859
32.9842931937173
2.70506108202443
2.70506108202443
2.70506108202443
2.70506108202443
4.53752181500873
2.70506108202443
2.70506108202443
2.70506108202443
46.1605584642234
82.8097731239093
25.3926701570681
2.70506108202443
2.70506108202443
2.70506108202443
16.2303664921466
2.70506108202443
2.70506108202443
2.70506108202443
2.70506108202443
2.70506108202443
2.70506108202443
94.1535776614311
59.0750436300175
2.87958115183246
2.70506108202443
2.70506108202443
2.70506108202443
2.70506108202443
4.27574171029668
2.70506108202443
2.70506108202443
4.53752181500873
2.70506108202443
2.70506108202443
56.108202443281
2.70506108202443
4.45026178010471
2.70506108202443
2.79232111692845
3.1413612565445
5.67190226876091
2.70506108202443
97.2949389179756
2.70506108202443
2.70506108202443
2.70506108202443
6.80628272251309
2.70506108202443
3.57766143106457
23.2984293193717
2.79232111692845
2.70506108202443
2.70506108202443
12.216404886562
2.70506108202443
49.3019197207679
2.70506108202443
53.0541012216405
15.0087260034904
2.70506108202443
2.70506108202443
2.70506108202443
2.70506108202443
2.70506108202443
2.70506108202443
2.70506108202443
2.70506108202443
2.70506108202443
8.1151832460733
2.70506108202443
2.70506108202443
2.70506108202443
23.2984293193717
4.10122164048866
2.70506108202443
2.70506108202443
2.70506108202443
2.70506108202443
2.70506108202443
2.70506108202443
2.70506108202443
44.2408376963351
2.70506108202443
2.70506108202443
2.70506108202443
47.7312390924956
31.7626527050611
2.70506108202443
2.70506108202443
8.46422338568935
2.70506108202443
2.70506108202443
2.70506108202443
4.3630017452007
2.70506108202443
2.70506108202443
2.70506108202443
2.70506108202443
2.70506108202443
2.70506108202443
2.70506108202443
10.4712041884817
2.87958115183246
3.1413612565445
12.478184991274
2.70506108202443
5.84642233856894
10.3839441535777
34.6422338568935
2.70506108202443
2.70506108202443
2.70506108202443
2.70506108202443
2.70506108202443
4.79930191972077
2.70506108202443
48.9528795811518
2.70506108202443
6.282722513089
2.70506108202443
2.70506108202443
2.70506108202443
8.37696335078534
2.70506108202443
2.70506108202443
2.70506108202443
4.71204188481675
2.70506108202443
46.9458987783595
2.70506108202443
2.70506108202443
10.2094240837696
2.70506108202443
2.70506108202443
2.70506108202443
2.70506108202443
2.70506108202443
15.6195462478185
2.70506108202443
2.70506108202443
2.70506108202443
3.40314136125654
2.70506108202443
2.70506108202443
2.70506108202443
65.9685863874346
2.70506108202443
2.70506108202443
2.70506108202443
2.70506108202443
2.70506108202443
2.70506108202443
2.70506108202443
2.70506108202443
2.70506108202443
2.70506108202443
2.70506108202443
2.70506108202443
2.70506108202443
2.70506108202443
83.9441535776614
2.70506108202443
2.70506108202443
2.70506108202443
9.77312390924956
2.70506108202443
87.60907504363
2.70506108202443
2.70506108202443
6.98080279232112
96.3350785340314
5.67190226876091
2.70506108202443
2.70506108202443
69.022687609075
2.70506108202443
11.7801047120419
4.45026178010471
2.70506108202443
2.70506108202443
2.70506108202443
2.70506108202443
2.70506108202443
2.70506108202443
2.70506108202443
62.303664921466
11.7801047120419
73.8219895287958
5.32286212914485
69.4589877835951
2.70506108202443
14.6596858638743
2.70506108202443
2.70506108202443
2.70506108202443
2.70506108202443
2.70506108202443
2.70506108202443
2.70506108202443
2.70506108202443
2.70506108202443
2.70506108202443
3.49040139616056
9.68586387434555
3.92670157068063
2.70506108202443
2.79232111692845
2.70506108202443
2.70506108202443
2.70506108202443
90.8376963350785
2.70506108202443
3.66492146596859
2.70506108202443
2.70506108202443
45.8987783595113
3.40314136125654
2.70506108202443
2.70506108202443
2.70506108202443
2.70506108202443
2.70506108202443
2.70506108202443
31.151832460733
2.70506108202443
2.70506108202443
34.4677137870855
2.70506108202443
2.70506108202443
12.39092495637
2.70506108202443
2.70506108202443
2.96684118673647
2.70506108202443
15.1832460732984
2.70506108202443
2.70506108202443
46.8586387434555
81.588132635253
2.70506108202443
61.7801047120419
66.0558464223386
2.70506108202443
9.51134380453752
2.70506108202443
66.6666666666667
2.70506108202443
2.70506108202443
2.70506108202443
59.3368237347295
2.70506108202443
2.70506108202443
2.70506108202443
2.70506108202443
2.70506108202443
13.6125654450262
7.24258289703316
2.70506108202443
26.0907504363002
2.70506108202443
2.70506108202443
2.70506108202443
48.7783595113438
2.70506108202443
2.70506108202443
2.70506108202443
84.9040139616056
2.70506108202443
2.70506108202443
3.49040139616056
2.70506108202443
12.652705061082
2.70506108202443
2.70506108202443
2.70506108202443
2.70506108202443
2.70506108202443
8.02792321116928
2.70506108202443
2.70506108202443
3.83944153577661
2.70506108202443
2.70506108202443
2.70506108202443
2.70506108202443
2.70506108202443
2.70506108202443
2.70506108202443
13.0017452006981
71.9022687609075
2.70506108202443
2.70506108202443
2.70506108202443
91.9720767888307
2.70506108202443
2.70506108202443
2.70506108202443
2.70506108202443
2.70506108202443
2.70506108202443
20.8551483420593
11.9546247818499
2.70506108202443
30.6282722513089
15.7068062827225
30.8027923211169
2.70506108202443
2.70506108202443
18.4118673647469
2.70506108202443
2.70506108202443
2.70506108202443
2.70506108202443
2.70506108202443
2.70506108202443
12.39092495637
5.84642233856894
96.1605584642234
3.22862129144852
2.70506108202443
6.45724258289703
2.70506108202443
2.70506108202443
2.70506108202443
2.70506108202443
2.70506108202443
2.70506108202443
66.7539267015707
2.70506108202443
2.70506108202443
2.70506108202443
2.87958115183246
34.1186736474695
2.70506108202443
2.70506108202443
2.70506108202443
2.70506108202443
2.70506108202443
2.70506108202443
49.5636998254799
2.70506108202443
2.70506108202443
2.70506108202443
2.70506108202443
2.70506108202443
2.70506108202443
2.70506108202443
2.70506108202443
2.70506108202443
2.70506108202443
3.31588132635253
2.70506108202443
2.70506108202443
2.70506108202443
2.79232111692845
19.2844677137871
2.70506108202443
2.70506108202443
2.70506108202443
2.70506108202443
2.70506108202443
36.7364746945899
2.70506108202443
2.70506108202443
2.70506108202443
64.5724258289703
4.27574171029668
2.70506108202443
2.70506108202443
3.31588132635253
3.40314136125654
2.70506108202443
2.87958115183246
4.27574171029668
2.70506108202443
2.70506108202443
2.70506108202443
2.70506108202443
12.216404886562
2.70506108202443
2.70506108202443
2.79232111692845
50
80.8027923211169
89.3542757417103
2.70506108202443
47.9930191972077
2.70506108202443
2.70506108202443
2.70506108202443
89.5287958115183
13.3507853403141
2.70506108202443
4.79930191972077
2.70506108202443
2.70506108202443
2.70506108202443
2.70506108202443
2.70506108202443
2.70506108202443
2.70506108202443
2.70506108202443
2.70506108202443
2.70506108202443
3.83944153577661
2.70506108202443
2.70506108202443
5.14834205933682
2.79232111692845
2.70506108202443
2.70506108202443
2.70506108202443
2.70506108202443
23.2111692844677
2.70506108202443
2.70506108202443
2.70506108202443
3.7521815008726
2.70506108202443
3.05410122164049
2.70506108202443
2.70506108202443
2.70506108202443
2.70506108202443
2.70506108202443
2.70506108202443
5.75916230366492
2.70506108202443
4.45026178010471
2.70506108202443
10.4712041884817
2.70506108202443
