"x"
1.8957345971564
11.4108640174991
29.2745169522421
1.822821728035
1.7499088589136
96.4637258476121
1.7499088589136
1.7499088589136
1.7499088589136
1.7499088589136
7.80167699598979
4.4112285818447
1.7499088589136
5.94239883339409
66.4965366387167
2.8800583302953
5.24972657674079
16.2231133795115
1.7499088589136
1.7499088589136
2.3696682464455
74.5169522420707
1.7499088589136
1.7499088589136
1.7499088589136
1.7499088589136
21.6915785636165
14.7283995625228
2.6977761574918
25.0820269777616
4.5935107546482
1.7499088589136
19.6135617936566
1.7499088589136
3.4998177178272
88.9172438935472
1.7499088589136
1.7499088589136
2.3332118118848
21.87386073642
1.7499088589136
11.7754283631061
1.7499088589136
1.7499088589136
1.7499088589136
1.8957345971564
4.374772147284
86.8027706890266
1.7499088589136
2.187386073642
1.7863652934743
67.1162960262486
1.7499088589136
1.7499088589136
1.7499088589136
1.7499088589136
71.4546117389719
2.5154939846883
1.7499088589136
1.8592781625957
1.7499088589136
1.7499088589136
6.12468100619759
1.7499088589136
3.5727305869486
1.822821728035
1.7499088589136
2.5154939846883
1.7499088589136
52.2056142909224
4.3383157127233
15.9679183375866
1.9321910317171
1.7499088589136
1.7499088589136
1.9321910317171
1.7499088589136
3.3904484141451
1.7499088589136
1.7499088589136
1.7499088589136
1.7499088589136
16.9522420707255
1.7499088589136
1.7499088589136
45.5340867663143
1.7499088589136
1.7499088589136
13.1607728764127
1.7499088589136
1.7863652934743
5.14035727305869
1.7499088589136
98.1042654028436
1.7499088589136
5.2861830113015
1.7499088589136
1.9321910317171
11.9577105359096
3.5362741523879
2.0780167699599
1.7499088589136
83.3758658403208
5.57783448778709
1.7499088589136
1.7499088589136
1.7499088589136
1.7499088589136
23.5508567262122
1.822821728035
1.7499088589136
51.8045935107546
1.7499088589136
4.374772147284
18.592781625957
1.7499088589136
1.7499088589136
1.822821728035
4.9216186656945
1.7499088589136
31.2431644185199
6.45278891724389
1.7499088589136
1.7499088589136
7.29128691213999
22.238425082027
1.7499088589136
6.08822457163689
15.9679183375866
1.7499088589136
72.1472839956252
1.7499088589136
2.3332118118848
30.3317535545024
3.9372949325556
1.7499088589136
1.7499088589136
76.7772511848341
1.7499088589136
9.29639081297849
1.7499088589136
25.0820269777616
1.7499088589136
1.7499088589136
23.7331388990157
14.7283995625228
1.7499088589136
1.7499088589136
6.70798395916879
1.7499088589136
99.6718920889537
1.7499088589136
1.7499088589136
1.7499088589136
1.7499088589136
2.187386073642
1.7499088589136
1.7499088589136
3.7185563251914
1.9686474662778
8.12978490703609
77.9803135253372
10.2442581115567
1.7499088589136
3.7185563251914
1.7499088589136
1.7499088589136
1.7499088589136
1.7499088589136
1.7499088589136
1.7499088589136
19.5771053590959
1.7499088589136
8.16624134159679
1.7499088589136
1.7499088589136
1.7499088589136
1.7499088589136
1.7499088589136
1.7499088589136
1.7499088589136
1.7499088589136
1.7499088589136
1.7499088589136
10.7911046299672
28.800583302953
1.7499088589136
1.7499088589136
2.2602989427634
1.7499088589136
1.7499088589136
10.9004739336493
1.7499088589136
27.3058694859643
31.2796208530806
30.8421436383522
1.8957345971564
80.7510025519504
1.7499088589136
7.29128691213999
1.7499088589136
1.7499088589136
12.0670798395917
1.7499088589136
4.2654028436019
1.7499088589136
1.7499088589136
29.8578199052133
1.7499088589136
21.7280349981772
79.0740065621582
1.7499088589136
2.5884068538097
1.7499088589136
5.17681370761939
9.51512942034269
1.7499088589136
11.9941669704703
17.2438935472111
2.6248632883704
1.7499088589136
1.7499088589136
1.7499088589136
1.7499088589136
1.7499088589136
1.7499088589136
49.2161866569449
8.49434925264309
2.0780167699599
1.7499088589136
30.3317535545024
53.6638716733504
1.7499088589136
1.7499088589136
11.666059059424
12.2493620123952
1.7499088589136
1.7499088589136
98.5052861830113
2.3332118118848
1.7499088589136
8.64017499088589
1.7499088589136
1.7499088589136
70.4338315712723
1.7499088589136
8.16624134159679
4.7757929274517
11.7025154939847
1.7499088589136
96.35435654393
1.7499088589136
9.07765220561429
1.7863652934743
8.38497994896099
1.7499088589136
1.7499088589136
2.0051039008385
1.7499088589136
1.7499088589136
1.7499088589136
40.466642362377
1.7499088589136
1.7499088589136
1.7499088589136
1.7499088589136
1.7499088589136
2.0415603353992
2.0415603353992
1.7499088589136
3.9737513671163
1.8957345971564
8.85891359825009
12.4316441851987
2.0051039008385
1.7499088589136
1.7499088589136
1.7863652934743
1.7499088589136
1.7499088589136
1.7499088589136
56.5439300036456
5.35909588042289
3.6820998906307
2.8436018957346
1.7499088589136
1.7499088589136
22.6394458621947
2.3696682464455
24.0977032446227
60.5176813707619
1.7499088589136
2.4061246810062
12.1035362741524
68.647466277798
1.7499088589136
2.0051039008385
25.51950419249
1.7499088589136
1.7499088589136
1.7499088589136
1.7499088589136
1.7499088589136
54.2107181917608
1.7499088589136
2.6977761574918
1.7863652934743
1.7499088589136
1.7499088589136
1.7499088589136
1.8592781625957
12.1764491432738
1.7499088589136
1.7499088589136
1.7499088589136
76.8501640539555
1.7863652934743
1.7499088589136
1.7499088589136
17.0980678089683
24.425811155669
18.8115202333212
27.7798031352534
11.4837768866205
1.7499088589136
2.2602989427634
1.7499088589136
1.7499088589136
29.3109733868028
1.7499088589136
12.9784907036092
1.7499088589136
2.3696682464455
5.79657309515129
10.1348888078746
1.7499088589136
1.7499088589136
1.7499088589136
1.9321910317171
1.7499088589136
4.8487057965731
90.2661319722931
1.7499088589136
19.4677360554138
1.7499088589136
2.6248632883704
70.470288005833
1.7499088589136
1.7499088589136
1.7499088589136
36.3470652570179
1.7499088589136
1.7499088589136
80.3864382063434
6.89026613197229
1.7499088589136
27.9620853080569
1.7499088589136
1.7499088589136
1.7499088589136
24.4622675902297
10.3536274152388
1.7499088589136
2.9529711994167
1.7499088589136
32.5191396281444
8.09332847247539
17.9730222384251
1.7499088589136
40.6853809697412
1.7499088589136
1.7499088589136
33.9773970105724
3.9737513671163
1.7499088589136
9.25993437841779
1.7499088589136
11.2650382792563
1.7499088589136
2.4425811155669
1.7499088589136
9.51512942034269
1.7499088589136
1.7499088589136
2.0415603353992
45.6434560699964
7.65585125774699
1.7499088589136
1.7499088589136
33.1024425811156
1.7499088589136
66.7881881152023
80.4228946409041
1.8957345971564
1.7499088589136
1.7499088589136
2.3332118118848
14.9835946044477
1.7499088589136
1.7499088589136
32.8837039737514
10.3171709806781
42.6175720014583
3.4269048487058
1.7499088589136
2.1509296390813
10.1348888078746
1.7499088589136
1.7499088589136
1.7499088589136
1.7499088589136
1.7499088589136
1.7499088589136
1.822821728035
1.7499088589136
1.7499088589136
12.9420342690485
1.7499088589136
1.7499088589136
42.289464090412
1.7499088589136
1.822821728035
1.7499088589136
1.7499088589136
1.7499088589136
6.96317900109369
1.7499088589136
3.6091870215093
2.5884068538097
3.0987969376595
4.0466642362377
6.52570178636529
3.8279256288735
2.5154939846883
1.7499088589136
1.7499088589136
1.7499088589136
9.73386802770689
1.7499088589136
27.6339773970106
4.5570543200875
2.2238425082027
1.7499088589136
1.7499088589136
19.1031717098068
1.9321910317171
1.7499088589136
1.7499088589136
1.7499088589136
1.7499088589136
4.8122493620124
20.9989063069632
1.7499088589136
1.7499088589136
1.7499088589136
1.7499088589136
18.4104994531535
74.9908858913598
7.10900473933649
2.6977761574918
1.7499088589136
1.7499088589136
22.3842508202698
1.7499088589136
1.7499088589136
2.7342325920525
22.3113379511484
21.3634706525702
2.8800583302953
1.7499088589136
1.7499088589136
1.7499088589136
58.6948596427269
1.7499088589136
1.7499088589136
1.7499088589136
13.6347065257018
1.7499088589136
13.8899015676267
90.8129784907036
9.69741159314619
1.7499088589136
1.7499088589136
1.7499088589136
1.7499088589136
1.7499088589136
1.7499088589136
1.7499088589136
1.7499088589136
32.7743346700693
1.7499088589136
31.0608822457164
1.7499088589136
1.7499088589136
33.5034633612833
1.7499088589136
1.7499088589136
1.7499088589136
4.5570543200875
1.7499088589136
22.0561429092235
1.7499088589136
1.7499088589136
3.9372949325556
13.3795114837769
1.7499088589136
1.7499088589136
54.1378053226394
1.7499088589136
11.2650382792563
1.7499088589136
99.3073277433467
1.7499088589136
1.7499088589136
1.7499088589136
1.7499088589136
2.2238425082027
1.8957345971564
1.7499088589136
13.6711629602625
1.7499088589136
2.4790375501276
1.7499088589136
44.841414509661
1.7499088589136
1.7499088589136
33.0659861465549
1.7499088589136
1.7499088589136
1.7499088589136
32.081662413416
23.7695953335764
15.0929639081298
1.7499088589136
1.7499088589136
1.8592781625957
6.01531170251549
1.7499088589136
15.3846153846154
8.67663142544659
1.7499088589136
1.7499088589136
1.7499088589136
1.7499088589136
2.4061246810062
4.6299671892089
1.7499088589136
25.9205249726577
21.8009478672986
1.9321910317171
26.248632883704
1.7499088589136
1.7499088589136
1.7499088589136
1.7499088589136
30.3317535545024
1.7499088589136
1.822821728035
1.7499088589136
1.7499088589136
30.3682099890631
1.7499088589136
43.2008749544295
1.7499088589136
1.7499088589136
1.7499088589136
2.8800583302953
1.7499088589136
1.7499088589136
10.2442581115567
1.7499088589136
1.7499088589136
1.7499088589136
1.7499088589136
32.6649653663872
1.7499088589136
23.696682464455
12.8691213999271
4.0831206707984
1.7499088589136
1.7499088589136
1.7499088589136
1.7499088589136
6.67152752460809
1.7499088589136
1.7499088589136
1.9321910317171
1.7499088589136
24.061246810062
1.7499088589136
1.7499088589136
1.7499088589136
1.7499088589136
1.7499088589136
1.7499088589136
1.7499088589136
1.7499088589136
1.7499088589136
9.25993437841779
13.8899015676267
1.7499088589136
1.7499088589136
7.54648195406489
1.7499088589136
98.7604812249362
1.7499088589136
2.0051039008385
95.8439664600802
1.7499088589136
1.7499088589136
1.7499088589136
22.0196864746628
1.7499088589136
18.8115202333212
55.3044112285818
3.4269048487058
11.6296026248633
12.5410134888808
1.7499088589136
1.7499088589136
1.8592781625957
1.7499088589136
24.7539190667153
1.7499088589136
18.8115202333212
2.916514764856
1.8957345971564
72.4024790375501
1.7499088589136
1.7499088589136
1.7499088589136
1.7499088589136
1.7499088589136
6.23405030987969
1.7499088589136
1.7499088589136
1.7499088589136
9.69741159314619
1.7499088589136
1.7499088589136
23.1133795114838
4.6664236237696
1.7499088589136
1.7499088589136
1.7499088589136
2.3332118118848
1.7499088589136
26.2850893182647
13.8169886985053
1.7499088589136
1.7499088589136
9.98906306963179
1.7499088589136
1.7499088589136
58.804228946409
1.7499088589136
1.7499088589136
26.613197229311
2.0780167699599
8.85891359825009
10.8640174990886
11.7754283631061
1.7499088589136
1.7499088589136
14.8377688662049
1.7499088589136
1.7499088589136
1.7863652934743
11.7389719285454
1.7499088589136
1.7499088589136
1.7499088589136
1.7499088589136
25.2278527160044
2.9894276339774
1.7499088589136
1.7499088589136
16.2595698140722
1.7499088589136
5.2861830113015
1.7499088589136
9.40576011666059
5.65074735690849
1.8957345971564
1.7499088589136
1.7499088589136
2.7706890266132
1.7499088589136
1.7499088589136
1.7499088589136
3.7185563251914
4.5205978855268
10.7911046299672
2.5884068538097
1.7499088589136
12.7232956616843
8.45789281808239
1.7499088589136
8.67663142544659
4.2654028436019
24.4622675902297
1.7499088589136
1.7499088589136
48.0495807510026
2.1509296390813
4.8122493620124
24.2435289828655
1.7499088589136
36.6387167335035
1.7499088589136
1.7499088589136
6.01531170251549
1.7499088589136
1.7499088589136
1.7499088589136
53.335763762304
1.7499088589136
4.5205978855268
1.7499088589136
1.7499088589136
1.7499088589136
97.2293109733868
43.8935472110828
2.5154939846883
1.7499088589136
36.091870215093
86.1100984323733
1.7499088589136
1.7499088589136
7.72876412686839
16.769959897922
80.8603718556325
1.7499088589136
1.7499088589136
36.8939117754284
1.7499088589136
1.7499088589136
1.7863652934743
1.7499088589136
1.7499088589136
16.6241341596792
1.7499088589136
1.822821728035
1.7499088589136
8.71308786000729
1.7499088589136
1.7499088589136
1.7499088589136
1.7499088589136
1.7499088589136
1.7499088589136
1.7499088589136
1.7499088589136
68.8662048851622
1.7499088589136
1.7499088589136
51.4400291651476
60.0072912869121
2.0780167699599
13.9263580021874
1.7499088589136
39.9927087130879
1.8957345971564
10.0619759387532
2.4061246810062
1.7499088589136
10.4629967189209
2.3696682464455
1.9321910317171
12.4681006197594
1.7499088589136
1.7499088589136
1.7499088589136
1.7499088589136
2.4790375501276
1.7499088589136
7.54648195406489
1.822821728035
1.7499088589136
1.7499088589136
1.8957345971564
1.7499088589136
1.7499088589136
1.7499088589136
1.7499088589136
69.4130514035727
1.7499088589136
62.9967189208895
22.0561429092235
5.0674444039373
97.1199416697047
1.7499088589136
30.0401020780168
1.7499088589136
1.7499088589136
32.1181188479767
5.79657309515129
1.7499088589136
24.2799854174262
1.822821728035
7.54648195406489
21.0353627415239
5.97885526795479
1.9321910317171
1.7499088589136
1.7499088589136
1.7499088589136
13.6347065257018
1.7499088589136
1.7499088589136
1.7499088589136
2.4790375501276
8.16624134159679
4.9580751002552
31.6441851986876
1.7499088589136
2.0415603353992
66.1684287276704
2.8800583302953
7.76522056142909
1.7499088589136
1.7499088589136
1.7499088589136
4.0466642362377
16.4418519868757
37.0397375136712
26.3215457528254
2.1509296390813
1.7499088589136
47.2475391906672
82.9019321910317
1.7499088589136
36.3835216915786
1.7499088589136
64.0174990885891
3.0623405030988
96.8647466277798
18.592781625957
1.7499088589136
1.7499088589136
1.7499088589136
8.45789281808239
1.9321910317171
99.0885891359825
8.85891359825009
1.7499088589136
25.154939846883
1.7499088589136
1.7499088589136
1.7499088589136
2.8800583302953
21.9467736055414
15.0929639081298
1.7499088589136
1.7499088589136
5.46846518410499
1.7499088589136
1.7499088589136
1.7499088589136
1.7499088589136
1.7499088589136
1.7499088589136
1.7499088589136
18.1917608457893
6.30696317900109
2.4061246810062
55.9970834852351
1.7499088589136
35.362741523879
3.6820998906307
1.7499088589136
1.7499088589136
17.0980678089683
1.7499088589136
1.7499088589136
5.86948596427269
19.1760845789282
14.4732045205979
1.7499088589136
1.7499088589136
1.7499088589136
69.1578563616478
1.7499088589136
1.7499088589136
1.7863652934743
26.5767407947503
34.9617207437113
25.51950419249
19.9052132701422
3.3904484141451
1.7499088589136
1.7499088589136
1.822821728035
1.7499088589136
7.10900473933649
1.7499088589136
2.8800583302953
1.7499088589136
26.8319358366752
1.7499088589136
10.93693036821
27.1600437477215
5.76011666059059
7.36419978126139
38.6802770689027
6.99963543565439
1.7499088589136
1.7499088589136
2.0415603353992
27.1600437477215
1.7499088589136
10.207801676996
1.7499088589136
1.7499088589136
5.03098796937659
57.4553408676631
76.1210353627415
12.3222748815166
2.0415603353992
2.0415603353992
1.7499088589136
1.822821728035
2.3696682464455
1.7499088589136
1.7499088589136
1.7499088589136
54.3200874954429
63.7987604812249
1.7499088589136
3.8643820634342
1.7499088589136
1.7499088589136
5.14035727305869
1.7499088589136
1.8957345971564
1.7499088589136
1.7499088589136
1.7499088589136
1.7499088589136
2.0780167699599
79.6208530805687
2.8436018957346
1.7499088589136
63.7623040466642
1.7499088589136
1.7499088589136
1.7499088589136
1.7499088589136
9.15056507473569
2.6977761574918
15.3846153846154
2.7342325920525
1.7499088589136
1.7499088589136
1.7499088589136
2.6248632883704
3.0258840685381
10.7546481954065
9.44221655122129
2.8071454611739
1.7499088589136
1.7499088589136
19.8687568355815
16.9886985052862
46.1173897192855
16.2960262486329
2.2602989427634
2.8436018957346
2.1144732045206
1.7499088589136
46.2267590229676
95.0783813343055
2.3332118118848
1.7499088589136
20.9624498724025
1.822821728035
1.7499088589136
63.6164783084214
6.59861465548669
23.7331388990157
15.3846153846154
1.7499088589136
1.7499088589136
1.7499088589136
1.7499088589136
8.96828290193219
1.822821728035
1.7499088589136
1.7499088589136
2.3332118118848
2.4061246810062
4.88516223113379
16.7335034633613
2.3696682464455
51.5493984688297
2.4425811155669
61.8301130149471
16.3324826831936
1.7499088589136
1.7499088589136
