20060703,20060709,0.26
20060710,20060716,0.31
20060717,20060723,0.27
20060724,20060730,0.40
20060731,20060806,0.31
20060807,20060813,0.30
20060814,20060820,0.53
20060821,20060827,0.55
20060828,20060903,0.72
20060904,20060910,0.72
20060911,20060917,0.79
20060918,20060924,0.81
20060925,20061001,0.70
20061002,20061008,0.64
20061009,20061015,0.95
20061016,20061022,0.87
20061023,20061029,0.97
20061030,20061105,0.91
20061106,20061112,1.09
20061113,20061119,1.28
20061120,20061126,1.31
20061127,20061203,1.25
20061204,20061210,1.31
20061211,20061217,1.17
20061218,20061224,1.14
20061225,20061231,1.06
20070101,20070107,0.92
20070108,20070114,0.83
20070115,20070121,0.57
20070122,20070128,0.43
20070129,20070204,0.32
20070205,20070211,0.20
20070212,20070218,0.20
20070219,20070225,0.05
20070226,20070304,0.08
20070305,20070311,0.04
20070312,20070318,0.14
20070319,20070325,0.12
20070326,20070401,0.14
20070402,20070408,0.21
20070409,20070415,0.12
20070416,20070422,0.07
20070423,20070429,0.17
20070430,20070506,0.19
20070507,20070513,-0.13
20070514,20070520,-0.21
20070521,20070527,0.05
20070528,20070603,0.11
20070604,20070610,0.13
20070611,20070617,0.16
20070618,20070624,0.17
20070625,20070701,0.11
20070702,20070708,-0.18
20070709,20070715,-0.20
20070716,20070722,-0.02
20070723,20070729,-0.31
20070730,20070805,-0.42
20070806,20070812,-0.44
20070813,20070819,-0.36
20070820,20070826,-0.49
20070827,20070902,-0.64
20070903,20070909,-0.80
20070910,20070916,-0.77
20070917,20070923,-0.91
20070924,20070930,-1.17
20071001,20071007,-1.29
20071008,20071014,-1.41
20071015,20071021,-1.09
20071022,20071028,-1.06
20071029,20071104,-1.22
20071105,20071111,-1.23
20071112,20071118,-1.29
20071119,20071125,-1.43
20071126,20071202,-1.21
20071203,20071209,-1.36
20071210,20071216,-1.43
20071217,20071223,-1.39
20071224,20071230,-1.34
20071231,20080106,-1.42
20080107,20080113,-1.62
20080114,20080120,-1.68
20080121,20080127,-1.73
20080128,20080203,-1.57
20080204,20080210,-1.89
20080211,20080217,-1.82
20080218,20080224,-1.66
20080225,20080302,-1.40
20080303,20080309,-1.14
20080310,20080316,-0.99
20080317,20080323,-0.91
20080324,20080330,-0.76
20080331,20080406,-0.89
20080407,20080413,-0.82
20080414,20080420,-0.76
20080421,20080427,-0.47
20080428,20080504,-0.51
20080505,20080511,-0.64
20080512,20080518,-0.47
20080519,20080525,-0.28
20080526,20080601,-0.27
20080602,20080608,-0.28
20080609,20080615,-0.31
20080616,20080622,-0.21
20080623,20080629,0.01
20080630,20080706,0.05
20080707,20080713,0.09
20080714,20080720,0.17
20080721,20080727,0.16
20080728,20080803,0.18
20080804,20080810,0.27
20080811,20080817,0.17
20080818,20080824,0.02
20080825,20080831,-0.07
20080901,20080907,-0.07
20080908,20080914,-0.06
20080915,20080921,-0.17
20080922,20080928,-0.31
20080929,20081005,-0.32
20081006,20081012,-0.12
20081013,20081019,-0.17
20081020,20081026,-0.24
20081027,20081102,-0.05
20081103,20081109,-0.12
20081110,20081116,-0.06
20081117,20081123,-0.20
20081124,20081130,-0.31
20081201,20081207,-0.52
20081208,20081214,-0.60
20081215,20081221,-0.76
20081222,20081228,-0.93
20081229,20090104,-1.01
20090105,20090111,-0.96
20090112,20090118,-0.86
20090119,20090125,-0.65
20090126,20090201,-0.75
20090202,20090208,-0.77
20090209,20090215,-0.63
20090216,20090222,-0.40
20090223,20090301,-0.45
20090302,20090308,-0.48
20090309,20090315,-0.39
20090316,20090322,-0.56
20090323,20090329,-0.29
20090330,20090405,-0.04
20090406,20090412,0.02
20090413,20090419,-0.09
20090420,20090426,0.01
20090427,20090503,0.27
20090504,20090510,0.27
20090511,20090517,0.34
20090518,20090524,0.52
20090525,20090531,0.44
20090601,20090607,0.41
20090608,20090614,0.52
20090615,20090621,0.85
20090622,20090628,0.95
20090629,20090705,0.91
20090706,20090712,0.87
20090713,20090719,0.85
20090720,20090726,0.83
20090727,20090802,0.79
20090803,20090809,0.72
20090810,20090816,0.74
20090817,20090823,0.81
20090824,20090830,0.87
20090831,20090906,0.90
20090907,20090913,0.94
20090914,20090920,0.92
20090921,20090927,0.79
20090928,20091004,0.77
20091005,20091011,0.83
20091012,20091018,0.95
20091019,20091025,1.24
20091026,20091101,1.62
20091102,20091108,1.70
20091109,20091115,1.62
20091116,20091122,1.63
20091123,20091129,1.73
20091130,20091206,1.70
20091207,20091213,1.59
20091214,20091220,1.91
20091221,20091227,1.86
20091228,20100103,1.65
20100104,20100110,1.60
20100111,20100117,1.66
20100118,20100124,1.39
20100125,20100131,1.21
20100201,20100207,1.14
20100208,20100214,1.16
20100215,20100221,1.21
20100222,20100228,1.17
20100301,20100307,1.17
20100308,20100314,1.20
20100315,20100321,1.17
20100322,20100328,1.01
20100329,20100404,0.94
20100405,20100411,0.83
20100412,20100418,0.77
20100419,20100425,0.68
20100426,20100502,0.55
20100503,20100509,0.28
20100510,20100516,0.01
20100517,20100523,-0.23
20100524,20100530,-0.06
20100531,20100606,-0.19
20100607,20100613,-0.31
20100614,20100620,-0.42
20100621,20100627,-0.41
20100628,20100704,-0.48
20100705,20100711,-0.73
20100712,20100718,-0.79
20100719,20100725,-0.97
20100726,20100801,-1.18
20100802,20100808,-0.99
20100809,20100815,-0.91
20100816,20100822,-1.21
20100823,20100829,-1.40
20100830,20100905,-1.21
20100906,20100912,-1.27
20100913,20100919,-1.32
20100920,20100926,-1.39
20100927,20101003,-1.48
20101004,20101010,-1.53
20101011,20101017,-1.37
20101018,20101024,-1.41
20101025,20101031,-1.40
20101101,20101107,-1.33
20101108,20101114,-1.23
20101115,20101121,-1.35
20101122,20101128,-1.29
20101129,20101205,-1.38
20101206,20101212,-1.43
20101213,20101219,-1.29
20101220,20101226,-1.44
20101227,20110102,-1.39
20110103,20110109,-1.45
20110110,20110116,-1.66
20110117,20110123,-1.44
20110124,20110130,-1.39
20110131,20110206,-1.11
20110207,20110213,-0.96
20110214,20110220,-1.05
20110221,20110227,-1.04
20110228,20110306,-0.92
20110307,20110313,-0.69
20110314,20110320,-0.47
20110321,20110327,-0.67
20110328,20110403,-0.51
20110404,20110410,-0.36
20110411,20110417,-0.40
20110418,20110424,-0.37
20110425,20110501,-0.52
20110502,20110508,-0.38
20110509,20110515,-0.18
20110516,20110522,0.02
20110523,20110529,-0.05
20110530,20110605,0.07
20110606,20110612,0.02
20110613,20110619,0.05
20110620,20110626,0.13
20110627,20110703,0.02
20110704,20110710,-0.04
20110711,20110717,-0.04
20110718,20110724,-0.14
20110725,20110731,-0.17
20110801,20110807,-0.33
20110808,20110814,-0.46
20110815,20110821,-0.56
20110822,20110828,-0.54
20110829,20110904,-0.70
20110905,20110911,-0.62
20110912,20110918,-0.61
20110919,20110925,-0.60
20110926,20111002,-0.63
20111003,20111009,-0.78
20111010,20111016,-0.54
20111017,20111023,-0.68
20111024,20111030,-0.90
20111031,20111106,-0.83
20111107,20111113,-0.86
20111114,20111120,-0.81
20111121,20111127,-0.94
20111128,20111204,-0.93
20111205,20111211,-0.87
20111212,20111218,-0.77
20111219,20111225,-0.79
