"x"
0
0
0
0
0
0
0
0
0
0
0
0.00343997248022016
0
0
0
0
0.00309597523219814
0
0
0.0464396284829721
0
0.378740970072239
0.0134158926728586
0.00137598899208806
0
0.0323357413140695
0.020983832129343
0
0.0371517027863777
0
0
0
0.189198486412109
0
0
0
0.596147230822153
0
0.12108703130375
0.0571035431716546
0
0
0.12452700378397
0
0
0.0639834881320949
0
0
0.00481596147230822
0.04265565875473
0
0
0
0.105951152390781
0
0
0.000343997248022016
0.00481596147230822
0
0
0.187478500171999
0
0
0.0123839009287926
0
0.0103199174406605
0
0
0
0
0.0347437220502236
0.290333677330581
0.929136566907465
0.00137598899208806
0.00171998624011008
0.00309597523219814
0
0
0
0
0
0.020983832129343
0.00240798073615411
0.558307533539732
0
0
0.0165118679050568
0
0.04437564499484
0.354661162710698
0
0
0
0.454420364637083
0
0
0.00309597523219814
0
0
0.0945992432060544
0.0261437908496732
0
0
0.0412796697626419
0
0
0.000687994496044032
0.139318885448916
0
0
0
0
0
0
0
0
0.0368077055383557
0.000687994496044032
0
0.0901272789817681
0
0.00756793945648435
0.0302717578259374
0
0
0
0
0.104575163398693
0
0.659786721706226
0
0
0.461644306845545
0
0
0
0
0
0.00103199174406605
0
0
0.0154798761609907
0
0
0.0478156174750602
0.147230822153423
0
0
0
0
0.00171998624011008
0.0237358101135191
0
0
0.21155830753354
0
0.303405572755418
0
0.00171998624011008
0.0402476780185759
0
0.387684898520812
0
0
0.022359821121431
0
0
0
0
0
0
0.000343997248022016
0
0
0
0.0340557275541796
0
0
0
0.0141038871689026
0.0158238734090127
0
0.0178878568971448
0
0.1671826625387
0
0
0.796697626418989
0.0364637082903337
0
0
0
0
0
0.0120399036807706
0.00103199174406605
0
0.0522875816993464
0
0
0.044031647746818
0
0.00378396972824217
0
0
0
0
0
0
0
0.0467836257309941
0
0
0.639490884072927
0.0732714138286894
0
0.999656002751978
0
0
0.0457516339869281
0
0
0
0
0
0
0.00240798073615411
0.146886824905401
0
0
0
0
0
0
0.153422772617819
0
0
0.0423116615067079
0
0
0
0.00309597523219814
0
0
0
0.0202958376332989
0
0
0.662882696938424
0
0
0
0.00378396972824217
0
0.207086343309254
0
0
0
0.0787753697970416
0
0.0942552459580323
0
0.000687994496044032
0
0
0.361885104919161
0.116959064327485
0
0
0
0
0
0
0
0.104919160646715
0
0
0
0
0
0
0.434468524251806
0
0
0.706914344685243
0
0.00171998624011008
0
0.233230134158927
0
0.000687994496044032
0
0
0
0
0.405572755417957
0
0
0
0.493980048159615
0
0.0158238734090127
0.000343997248022016
0
0
0
0
0
0.12280701754386
0
0
0
0
0.00240798073615411
0
0
0.0309597523219814
0
0.0567595459236326
0
0
0.0085999312005504
0
0
0
0
0
0
0
0.00103199174406605
0
0
0.0918472652218782
0
0.0085999312005504
0
0
0.00206398348813209
0
0
0
0.120055039559684
0
0.448572411420709
0
0
0.000343997248022016
0
0
0.00687994496044032
0
0.0319917440660475
0.0144478844169247
0
0
0.00447196422428621
0.00171998624011008
0
0
0
0
0
0.314757481940144
0
0
0.0681114551083591
0.230822153422773
0.0756793945648435
0
0.0519435844513244
0
0.0275197798417613
0.00825593395252838
0
0
0.0147918816649467
0
0
0.00343997248022016
0
0.0326797385620915
0
0.0952872377020984
0
0
0.00412796697626419
0
0.00137598899208806
0.149294805641555
0.00481596147230822
0.00550395596835225
0.00137598899208806
0
0
0
0
0.0763673890608875
0
0
0
0.0491916064671483
0.0409356725146199
0
0
0
0.534227726178191
0
0
0
0
0
0.550395596835225
0
0.00447196422428621
0
0.156862745098039
0.124183006535948
0.0261437908496732
0
0
0
0
0.0495356037151703
0.0309597523219814
0
0
0.0460956312349501
0.0154798761609907
0
0
0.0116959064327485
0
0
0
0
0
0
0.240798073615411
0
0.043687650498796
0
0
0
0
0
0
0
0.00171998624011008
0.000343997248022016
0
0
1
0
0
0
0.366357069143447
0
0
0.203302373581011
0.0571035431716546
0.0278637770897833
0.928792569659443
0
0.000343997248022016
0
0.113863089095287
0
0
0
0
0
0.00378396972824217
0
0
0.0130718954248366
0
0
0
0
0.00103199174406605
0
0
0.00275197798417613
0
0
0.000687994496044032
0
0
0
0
0
0
0.00619195046439629
0.00137598899208806
0.00275197798417613
0.110079119367045
0
0
0.085999312005504
0.00687994496044032
0
0.216374269005848
0
0
0
0
0
0.828689370485036
0
0
0.0202958376332989
0.0626074991400069
0
0.0450636394908841
0
0
0.0134158926728586
0
0.0113519091847265
0
0
0.0471276229790162
0.00928792569659443
0
0
0
0
0
0.126934984520124
0.0244238046095631
0
0
0
0
0
0.0141038871689026
0
0.18266253869969
0
0
0
0.021327829377365
0.00928792569659443
0
0.38218094255246
0
0.542139662882697
0
0.147574819401445
0.385276917784658
0
0.127278981768146
0.435844513243894
0.00240798073615411
0.325421396628827
0
0.0767113863089095
0
0
0.0808393532851737
0
0
0.932232542139663
0.00619195046439629
0
0
0
0
0
0
0
0
0
0.698314413484692
0
0.00928792569659443
0.0399036807705538
0
0.414516683866529
0
0
0.00791193670450636
0
0.471276229790162
0
0
0
0
0
0.112487100103199
0.143102855177159
0.207086343309254
0
0.132438940488476
0
0
0
0
0
0
0.000343997248022016
0.0471276229790162
0
0.0158238734090127
0
0
0.00412796697626419
0
0.000343997248022016
0.00378396972824217
0
0
0.0729274165806674
0.240454076367389
0
0
0
0
0
0.00756793945648435
0
0
0
0
0
0
0
0.000343997248022016
0
0.000687994496044032
0.0268317853457172
0
0
0
0.00584795321637427
0
0
0
0
0
0
0
0
0.0777433780529756
0.0945992432060544
0.0502235982112143
0
0.0818713450292398
0
0
0
0
0.137254901960784
0.00825593395252838
0
0.00240798073615411
0
0.237358101135191
0.0767113863089095
0.00343997248022016
0
0
0
0
0
0
0
0
0
0.137598899208806
0
0.312693498452012
0.0505675954592363
0
0
0
0
0.00137598899208806
0.0842793257653939
0
0
0
0.064327485380117
0
0
0
0
0
0
0.319573443412453
0.0815273477812178
0
0
0
0
0
0
0
0
0
0
0
0.087375300997592
0
0
0
0
0.39594083247334
0
0.705538355693154
0
0
0.00894392844857241
0.0137598899208806
0.0667354661162711
0.0141038871689026
0.0540075679394565
0.190918472652219
0
0.166150670794634
0
0
0
0.00515995872033024
0
0.0240798073615411
0.00137598899208806
0
0.0543515651874785
0.110079119367045
0
0
0
0
0.203302373581011
0
0.282077743378053
0.825249398004816
0.00171998624011008
0
0.211902304781562
0
0.00894392844857241
0.209494324045408
0.0175438596491228
0
0
0
0
0
0
0
0
0.00412796697626419
0.00275197798417613
0.0151358789129687
0.643962848297214
0
0.0202958376332989
0
0.0340557275541796
0.0130718954248366
0.0065359477124183
0
0.516683866529068
0
0.345717234262126
0
0.106983144134847
0
0.0206398348813209
0.685242518059855
0
0
0.0116959064327485
0
0
0
0
0
0
0
0.229790161678707
0
0
0.0577915376676987
0.113175094599243
0
0
0
0
0.0202958376332989
0
0
0
0
0
0.163398692810458
0
0.544203646370829
0
0
0.00515995872033024
0.0622635018919849
0.0120399036807706
0.00687994496044032
0
0
0
0
0
0.0130718954248366
0
0.0116959064327485
0
0
0
0
0.00997592019263846
0
0
0
0
0.804265565875473
0
0
0
0.124871001031992
0.0698314413484692
0.317509459924321
0.0502235982112143
0.0120399036807706
0
0.329893360853113
0
0
0.169934640522876
0
0
0
0
0
0
0
0
0
0
0.00722394220846233
0
0
0.000343997248022016
0
0
0
0.0247678018575851
0.201926384588923
0
0.00275197798417613
0
0
0.492260061919505
0
0
0.00137598899208806
0.000343997248022016
0
0
0.200206398348813
0
0
0
0
0
0
0
0
0
0
0
0
0
0.00412796697626419
0.0935672514619883
0.0722394220846233
0
0
0
0.130718954248366
0
0
0
0
0
0.108359133126935
0.611627106983144
0
0
0.245958032335741
0.0498796009631923
0
0
0
0
0
0.118335053319573
0
0
0
0
0
0.0182318541451668
0
0
0.0182318541451668
0
0
0
0
0
0.0330237358101135
0
0.499484004127967
0
0
0
0
0
0
0
0
0
0
0.00584795321637427
0.043687650498796
0
0
0.0350877192982456
0.000687994496044032
0
0.0392156862745098
0.0337117303061576
0
0
0.307877536979704
0
0.0123839009287926
0
0.205710354317165
0
0
0
0
0.205366357069143
0
0
0
0.00206398348813209
0
0
0
0.799449604403165
0.355693154454764
0
0.00171998624011008
0
0
0.0292397660818713
0
0.00412796697626419
0.00378396972824217
0
0.00447196422428621
0
0
0
0.163398692810458
0
0
0
0
0
0
0
0
0
0
0
0
0
0
0
0.00137598899208806
0
0
0
0
0.151014791881665
0
0
0
