"x"
0
0
0
0
0
0
0
0
0.0814144736842105
0.236842105263158
0
0
0
0
0
0
0
0
0
0.973684210526316
0
0
0
0
0
0
0
0
0.171875
0
0
0
0
0
0
0
0
0.151315789473684
0
0.284539473684211
0.626644736842105
0
0.774671052631579
0
0.0106907894736842
0
0
0
0.00740131578947368
0
0.497532894736842
0
0
0.0320723684210526
0
0
0
0
0
0.416118421052632
0
0
0
0.149671052631579
0
0.0814144736842105
0.0542763157894737
0.793585526315789
0
0.0534539473684211
0
0
0
0
0
0
0
0
0
0
0
0
0
0
0
0
0
0
0
0.773026315789474
0
0.0444078947368421
0
0
0
0
0
0
0
0.138157894736842
0
0.175986842105263
0.0148026315789474
0
0
0
0.0131578947368421
0
0
0
0
0
0
0
0
0
0
0
0.0328947368421053
0
0
0
0
0
0.731085526315789
0.00822368421052632
0
0
0
0
0
0
0
0
0.0542763157894737
0
0
0
0
0.0148026315789474
0.101973684210526
0.401315789473684
0
0
0
0
0
0.278782894736842
0
0
0.599506578947368
0.0411184210526316
0.374177631578947
0
0
0
0
0
0
0
0
0
0
0
0
0
0.0657894736842105
0
0
0
0
0.0263157894736842
0.693256578947368
0
0
0.0139802631578947
0.528782894736842
0
0.101151315789474
0
0
0
0
0
0
0
0
0
0.00328947368421053
0
0
0
0
0
0
0
0.372532894736842
0
0
0
0
0
0
0
0
0.046875
0.0271381578947368
0
0
0.963815789473684
0
0
0
0
0
0
0
0
0.711348684210526
0
0
0
0
0.146381578947368
0
0
0
0
0
0
0
0.00164473684210526
0.0148026315789474
0.000822368421052632
0
0
0
0
0
0
0
0
0.0731907894736842
0
0
0
0
0
0
0
0
0
0.773026315789474
0
0.605263157894737
0
0
0
0
0.875
0
0
0
0
0.229440789473684
0
0
0.760690789473684
0
0
0
0
0
0
0
0
0
0
0
0
0
0
0
0
0
0
0
0.230263157894737
0
0
0
0.0320723684210526
0
0
0
0
0
0
0
0.128289473684211
0
0
0
0
0
0.00411184210526316
0
0.248355263157895
0
0
0
0
0
0
0
0
0.555921052631579
0
0.839638157894737
0
0
0
0
0.145559210526316
0
0
0
0
0.142269736842105
0
0.233552631578947
0
0
0
0
0
0.000822368421052632
0.000822368421052632
0
0
0
0
0
0
0
0
0.333059210526316
0
0
0
0
0
0
0
0
0
0.190789473684211
0.0263157894736842
0.195723684210526
0.267269736842105
0
0
0
0
0
0
0.379934210526316
0.256578947368421
0
0
0
0
0.00328947368421053
0
0
0
0
0.00246710526315789
0
0.0929276315789474
0.534539473684211
0
0
0
0
0.495065789473684
0
0
0
0
0
0
0
0
0
0
0
0
0
0.602796052631579
0
0
0.588815789473684
0
0
0
0
0
0
0
0
0
0
0
0
0.0361842105263158
0
0
0
0.000822368421052632
0
0
0
0
0
0
0
0
0
0
0.015625
0
0
0
0
0
0
0
0
0
0
0
0
0
0
0
0.973684210526316
0
0
0.490131578947368
0.110197368421053
0.541118421052632
0
0
0
0
0.231085526315789
0
0
0
0
0.0822368421052632
0
0
0.0254934210526316
0
0.885690789473684
0
0
0
0.0526315789473684
0
0
0
0
0
0
0
0
0.362664473684211
0
0.128289473684211
0
0.00411184210526316
0
0
0
0
0
0
0
0
0
0
0
0
0
0
0
0
0
0.00246710526315789
0
0
0
0
0
0.140625
0
0
0
0
0
0
0
0
0
0
0
0
0
0
0
0
0
0
0.143914473684211
0
0.015625
0
0
0.360197368421053
0
0
0
0
0
0
0.0550986842105263
0
0
0
0
0
0.918585526315789
0.486842105263158
0
0
0
0
0
0
0
0
0
0
0
0
0
0
0.00164473684210526
0
0
0
0
0
0
0.0945723684210526
0
0
0
0
0
0.400493421052632
0
0.514802631578947
0
0
0
0.00328947368421053
0
0
0
0
0
0
0
0
0
0
0
0
0
0
0
0
0
0
0
0
0.00246710526315789
0.401315789473684
0.0131578947368421
0.162006578947368
0
0
0
0.0148026315789474
0
0.815789473684211
0
0
0
0
0
0
0
0
0
0
0
0
0
0.810855263157895
0.340460526315789
0
0
0
0.657894736842105
0
0.177631578947368
0
0
0
0
0
0
0.0222039473684211
0
0
0
0
0
0
0.822368421052632
0
0.0304276315789474
0
0.09375
0
0
0
0
0
0
0.307565789473684
0
0
0
0
0
0
0
0
0
0
0
0
0
0
0
0
0
0
0
0
0
0
0
0
0
0.0197368421052632
0
0
0
0.138157894736842
0.129934210526316
0.00411184210526316
0
0
0
0
0
0
0
0
0.478618421052632
0
0
0
0
0
0.157894736842105
0
0
0
0.620888157894737
0
0
0
0.139802631578947
0
0
0.907894736842105
0
0.484375
0
0
0
0.0106907894736842
0
0
0
0.375
0
0
0
0
0
0
0
0
0
0.0254934210526316
0
0
0.00411184210526316
0.339638157894737
0
0
0
0
0
0.267269736842105
0
0
0
0
0
0
0
0.0509868421052632
0.583059210526316
0
0
0
0
0.0106907894736842
0
0
0
0
0
0
0
0
0
0
0.0559210526315789
0
0.962171052631579
0
0
0
0
0
0
0
0.0526315789473684
0
0
0.0106907894736842
0
0
0.369243421052632
0
0
0
0
0
0
0
0.0460526315789474
0
0
0.0139802631578947
0
0.353618421052632
0
0
0
0
0
0
0
0
0
0
0
0
0
0
0
0.453125
0.304276315789474
0
0
0
0.0271381578947368
0
0
0
0.0230263157894737
0
0
0
0
0
0
0.0912828947368421
0
0
0
0.361842105263158
0
0
0
0.03125
0
0
0
0
0
0
0
0
0
0.0896381578947368
0.397203947368421
0
0
0.932565789473684
0
0
0.0304276315789474
0
0
0
0
0
0
0
0
0
0.0180921052631579
0
0.476151315789474
0.9375
0.00328947368421053
0
0
0.243421052631579
0
0.973684210526316
0
0
0
0
0
0
0.0106907894736842
0
0
0.00493421052631579
0
0
0.00246710526315789
0
0
0
0
0
0
0
0
0
0
0
0
0
0.0123355263157895
0
0
0
0
0
0
0
0
0.177631578947368
0
0.000822368421052632
0
0
0.0189144736842105
0
0.0682565789473684
0
0
0
0
0
0
0
0
0
0
0
0.0608552631578947
0.0838815789473684
0
0
0
0
0
0
0
0.166940789473684
0
0
0
0
0
0
0
0
0
0.000822368421052632
0.162006578947368
0
0
0
0
0
0
0
0
0
0
0
0
0
0.362664473684211
0
0
0
0
0
0
0
0
0
0
0
0
0
0
0.00246710526315789
0
0
0.0115131578947368
0
0
0
0
0
0
0.0197368421052632
0.00904605263157895
0
0
0
0
0
0
0
0
0
0
0
