"x"
0
0
0.0127591706539075
0.203349282296651
0.0398724082934609
0.769537480063796
0
0.00398724082934609
0
0
0
0
0
0
0
0
0
0.0127591706539075
0.322966507177034
0
0
0.00956937799043062
0
0
0.018341307814992
0.00558213716108453
0.0629984051036683
0
0
0.0925039872408294
0.0574162679425837
0.952153110047847
0
0
0.147527910685805
0
0
0
0
0
0
0.0629984051036683
0
0.140350877192982
0
0
0.157097288676236
0.00478468899521531
0.025518341307815
0.0318979266347687
0
0
0
0.00956937799043062
0
0
0.0653907496012759
0
0.0789473684210526
0.178628389154705
0
0
0
0
0
0.00478468899521531
0.00478468899521531
0.190590111642743
0
0.0494417862838915
0.00318979266347687
0
0
0
0
0
0
0
0.0103668261562998
0
0
0.00637958532695375
0
0
0.0558213716108453
0
0
0
0
0
0
0.11244019138756
0
0
0
0
0.106060606060606
0
0.121212121212121
0
0.564593301435407
0
0
0
0
0
0
0.0247208931419458
0
0
0.0135566188197767
0
0.407496012759171
0.00159489633173844
0
0
0
0.274322169059011
0
0
0
0
0
0.278309409888357
0.435406698564593
0
0.0741626794258373
0
0
0.127591706539075
0.105263157894737
0
0.186602870813397
0.0231259968102073
0
0.29585326953748
0
0
0
0.146730462519936
0
0
0.00318979266347687
0
0.437799043062201
0
0.927432216905901
0.0781499202551834
0
0
0.00717703349282297
0.0917065390749601
0.0207336523125997
0.0087719298245614
0.0263157894736842
0
0
0
0
0
0
0.53030303030303
0
0
0
0
0
0
0.0159489633173844
0
0
0.0231259968102073
0
0
0.0119617224880383
0
0
0.287081339712919
0
0.169856459330144
0
0
0
0.0127591706539075
0.0175438596491228
0.415470494417863
0
0
0
0
0.0917065390749601
0
0
0.0279106858054226
0
0.0175438596491228
0
0
0.342902711323764
0
0.156299840510367
0.0653907496012759
0
0.087719298245614
0.00318979266347687
0.025518341307815
0.0350877192982456
0
0.0295055821371611
0
0
0
0
0
0
0
0
0
0
0
0
0
0
0.334928229665072
0
0.0311004784688995
0.00159489633173844
0
0
0.00159489633173844
0.000797448165869219
0.00159489633173844
0
0
0
0
0.0406698564593301
0
0
0
0
0
0
0
0
0
0.00797448165869218
0.00159489633173844
0
0.0446570972886762
0.0940988835725678
0
0
0.637161084529506
0.0342902711323764
0.215311004784689
0.499202551834131
0
0
0.527113237639553
0
0
0
0
0.0103668261562998
0.00478468899521531
0.0454545454545455
0
0.401116427432217
0
0
0
0
0
0
0
0
0
0
0
0
0
0
0
0
0
0.00717703349282297
0
0.0103668261562998
0.00478468899521531
0
0
0
0
0.0287081339712919
0.157097288676236
0.156299840510367
0
0
0.361244019138756
0
0.0175438596491228
0.0598086124401914
0
0
0.0311004784688995
0
0
0
0
0
0
0
0
0.0996810207336523
0.741626794258373
0.174641148325359
0
0.0717703349282297
0.94896331738437
0
0
0
0.0303030303030303
0
0.000797448165869219
0.0143540669856459
0
0
0.0159489633173844
0
0
0.0590111642743222
0.279904306220096
0.0470494417862839
0
0
0.4688995215311
0
0.299043062200957
0
0
0.00159489633173844
0.184210526315789
0
0
0
0.62280701754386
0
0
0
0
0
0
0
0.161084529505582
0
0.0382775119617225
0.215311004784689
0.0350877192982456
0
0.130781499202552
0.00318979266347687
0
0
0
0.0486443381180223
0
0
0.0661881977671451
0
0
0
0
0.425837320574163
0
0
0
0.664274322169059
0.00239234449760766
0
0.0263157894736842
0.278309409888357
0
0.0462519936204147
0
0
0
0
0
0
0
0.00159489633173844
0.0534290271132376
0.0191387559808612
0.0111642743221691
0.5207336523126
0.118819776714514
0.619617224880383
0.0127591706539075
0
0
0
0
0
0
0
0.0845295055821372
0
0
0
0
0.0175438596491228
0.235247208931419
0
0
0.0119617224880383
0
0.00478468899521531
0
0.0143540669856459
0.0398724082934609
0
0
0
0
0
0
0.0741626794258373
0.0478468899521531
0
0
0.0303030303030303
0
0
0.00159489633173844
0
0
0
0.0470494417862839
0.746411483253589
0
0.0518341307814992
0.270334928229665
0.61244019138756
0.215311004784689
0.0869218500797448
0
0
0.0645933014354067
0
0
0.0207336523125997
0.069377990430622
0
0.0430622009569378
0
0.603668261562998
0
0
0
0
0.0669856459330144
0
0.287081339712919
0
0
0
0.0143540669856459
0.116427432216906
0.0207336523125997
0
0
0
0.00398724082934609
0
0.144338118022329
0
0.888357256778309
0.401116427432217
0.0159489633173844
0
0
0
0
0
0
0.0917065390749601
0
0.0143540669856459
0
0
0.0606060606060606
0
0
0.452153110047847
0
0.00558213716108453
0.164274322169059
0.018341307814992
0
0.0701754385964912
0
0
0
0
0
0
0.123604465709729
0.888357256778309
0.00797448165869218
0.0414673046251994
0
0.0151515151515152
0
0.297448165869219
0.0390749601275917
0
0
0.483253588516746
0.164274322169059
0.430622009569378
0
0
0
0.128389154704944
0
0.0239234449760766
0
0
0
0.00956937799043062
0.125996810207337
0
0
0.0231259968102073
0
0
0
0
0
0.188197767145136
0
0
0.00637958532695375
0.0398724082934609
0.351674641148325
0
0
0
0.076555023923445
0
0.0996810207336523
0
0
0
0.00478468899521531
0.025518341307815
0
0.00637958532695375
0.215311004784689
0
0.569377990430622
0
0
0
0.000797448165869219
0
0.0239234449760766
0
0.323763955342903
0
0
0.0175438596491228
0
0.0111642743221691
0
0
0.0869218500797448
0
0
0
0.118819776714514
0
0.27511961722488
0
0.421850079744817
0
0.000797448165869219
0
0
0
0
0
0
0.0207336523125997
0
0
0.00159489633173844
0
0
0.0988835725677831
0
0.00956937799043062
0
0
0
0
0.156299840510367
0
0
0
0
0
0
0
0
0
0.121212121212121
0.032695374800638
0
0
0
0
0
0
0
0
0.0486443381180223
0
0
0.0837320574162679
0
0
0
0
0
0
0
0
0.0191387559808612
0.0135566188197767
0
0.0119617224880383
0
0
0.227272727272727
0
0.251196172248804
0
0.0287081339712919
0
0
0
0.00159489633173844
0
0
0.000797448165869219
0.00956937799043062
0.106060606060606
0.0430622009569378
0
0.0103668261562998
0
0
0
0
0
0
0.404306220095694
0.00239234449760766
0
0
0.449760765550239
0
0
0.0247208931419458
0.00318979266347687
0
0
0
0
0
0
0
0
0
0
0.043859649122807
0.796650717703349
0
0
0
0.0917065390749601
0
0
0
0
0
0
0
0.0669856459330144
0
0.00159489633173844
0
0.00478468899521531
0
0.00478468899521531
0.0159489633173844
0.168261562998405
0
0
0
0
0
0
0.000797448165869219
0
0
0
0
0.401116427432217
0
0.411483253588517
0.525518341307815
0.0231259968102073
0
0
0
0
0.0805422647527911
0
0
0
0.0311004784688995
0
0
0.00717703349282297
0
0
0.0773524720893142
0
0
0
0.0590111642743222
0
0.0550239234449761
0
0
0.0598086124401914
0.0151515151515152
0.124401913875598
0.0111642743221691
0
0.127591706539075
0
0
0.370813397129187
0.109250398724083
0.058213716108453
0.259968102073365
0
0.00956937799043062
0.00159489633173844
0
0
0.215311004784689
0.0590111642743222
0
0.0342902711323764
0.149920255183413
0
0
0
0.000797448165869219
0
0.174641148325359
0
0
0.0526315789473684
0.00239234449760766
0.158692185007974
0.00159489633173844
0
0
0
0
0
0
0.0231259968102073
0
0.0111642743221691
0
0.0287081339712919
0.069377990430622
0
0.000797448165869219
0
0
0.018341307814992
0
0.0486443381180223
0.228867623604466
0
0
0
0.251993620414673
0
0
0
0.0940988835725678
0
0.00318979266347687
0
0.0717703349282297
0
0
0.125199362041467
0.00956937799043062
0
0
0
0
0
0
0
0
0.0247208931419458
0
0
0
0
0
0.426634768740032
0
0
0.0390749601275917
0
0.481658692185008
0
0.133971291866029
0
0.00239234449760766
0
0.213716108452951
0.00159489633173844
0
0
0.000797448165869219
0
0.22488038277512
0
0
0
0
0
0.000797448165869219
0
0
0.0470494417862839
0
0.0366826156299841
0.0151515151515152
0
0
0
0
0
0
0.0358851674641148
0
0
0
0
0
0
0.0318979266347687
0
0
0
0
0.0709728867623605
0
0
0
0
0
0
0
0.0853269537480064
0
0
0
0.00159489633173844
0
0
0
0
0
0.0199362041467305
0
0.0295055821371611
0
0.0143540669856459
0
0
0.0773524720893142
0.240829346092504
0
0.661881977671451
0.0494417862838915
0
0
0
0
0.000797448165869219
0.0358851674641148
0
0
0
0
0
0.0606060606060606
0.203349282296651
0.216905901116427
0.00637958532695375
0.00478468899521531
0
0.025518341307815
0
0
0
0
0
0
0
0.00637958532695375
0.39792663476874
0.905901116427432
0
0
0.0207336523125997
0.317384370015949
0
0.0422647527910686
0
0
0
0.0295055821371611
0.0311004784688995
0.259968102073365
0.118819776714514
0
0.0279106858054226
0
0
0.401116427432217
0
0
0
0
0
0.032695374800638
0.170653907496013
0
0.168261562998405
0.168261562998405
0.00318979266347687
0.000797448165869219
0
0.396331738437002
0
0
0.42902711323764
0.393939393939394
0
0
0
0
0
0
0
0
0
0
0
0
0
0
0
0
0
0.00159489633173844
0
0
0
0
0
0
0.000797448165869219
