"x"
0
0
0
0
0
0
0
0
0
0
0
0.000701754385964912
0
0
0.0785964912280702
0.00596491228070175
0.100350877192982
0
0.023859649122807
0
0.000350877192982456
0
0.35719298245614
0
0
0.756842105263158
0.92
0
0.162456140350877
0
0
0
0
0
0.277894736842105
0.00456140350877193
0.00385964912280702
0
0
0
0
0
0.00140350877192982
0
0
0
0.0866666666666667
0
0
0
0
0
0
0
0.153333333333333
0
0.220701754385965
0
0
0
0
0.536842105263158
0
0.0747368421052632
0.715087719298246
0.285964912280702
0
0.144561403508772
0
0
0.0705263157894737
0
0
0.108771929824561
0
0
0
0
0
0
0.0614035087719298
0
0
0
0
0
0.00175438596491228
0.116140350877193
0
0
0.0410526315789474
0
0
0
0
0
0.291228070175439
0
0
0
0
0.0129824561403509
0
0.0494736842105263
0
0
0.0294736842105263
0.451578947368421
0
0.00842105263157895
0.0350877192982456
0
0
0
0
0
0
0
0
0
0.00105263157894737
0
0
0
0
0
0
0
0.111578947368421
0
0
0.00105263157894737
0
0
0
0
0
0
0
0.0828070175438596
0.00245614035087719
0.0396491228070175
0
0
0.00350877192982456
0.0154385964912281
0
0
0
0
0
0.0771929824561404
0
0
0
0
0
0
0
0
0
0
0
0
0
0
0
0
0.623157894736842
0.0908771929824561
0.0491228070175439
0
0
0.767719298245614
0.308771929824561
0
0.00912280701754386
0.0108771929824561
0
0.115789473684211
0
0
0
0
0
0
0
0.00280701754385965
0.0214035087719298
0
0
0.00175438596491228
0
0
0
0.588421052631579
0
0
0
0.0519298245614035
0
0
0
0
0
0
0
0
0.202105263157895
0
0
0
0.289122807017544
0
0
0.0364912280701754
0
0
0
0.43859649122807
0
0
0
0
0
0
0
0
0
0
0
0.311578947368421
0.000701754385964912
0
0.00982456140350877
0.0105263157894737
0
0
0
0
0
0.00771929824561404
0
0
0
0.0136842105263158
0
0
0.02
0
0
0.000350877192982456
0
0
0.104561403508772
0.000350877192982456
0
0
0
0
0
0
0.0792982456140351
0
0.237894736842105
0
0.00982456140350877
0.0364912280701754
0
0
0.000350877192982456
0
0
0.0214035087719298
0
0.519298245614035
0.0603508771929825
0.0192982456140351
0
0.000350877192982456
0
0
0
0.0663157894736842
0
0
0.0228070175438597
0
0.0392982456140351
0
0
0
0
0
0
0
0
0
0.0603508771929825
0
0.00140350877192982
0
0
0.000701754385964912
0
0
0
0.0178947368421053
0.00631578947368421
0
0
0
0.072280701754386
0.638245614035088
0
0
0.00315789473684211
0
0
0.00315789473684211
0.152982456140351
0.0494736842105263
0
0
0
0
0
0
0
0.00105263157894737
0.0649122807017544
0
0
0
0
0
0
0
0
0.0452631578947368
0
0
0
0
0
0
0
0
0.128771929824561
0
0
0
0
0
0.00842105263157895
0
0
0
0
0
0.0263157894736842
0
0
0
0
0
0
0.131578947368421
0
0
0.00175438596491228
0.0985964912280702
0
0.0168421052631579
0
0.390526315789474
0
0.135087719298246
0
0.0343859649122807
0
0.00526315789473684
0
0
0.0252631578947368
0
0
0
0
0
0
0.111578947368421
0
0
0
0.00736842105263158
0.0828070175438596
0
0
0.0329824561403509
0.0543859649122807
0.435789473684211
0.0280701754385965
0
0
0.00350877192982456
0
0.000701754385964912
0.068421052631579
0.00912280701754386
0
0.760701754385965
0
0
0
0
0
0
0
0.0740350877192982
0
0
0
0
0.227719298245614
0
0
0.31859649122807
0.161754385964912
0
0
0
0
0.012280701754386
0
0
0
0
0
0.00736842105263158
0
0
0
0
0.00350877192982456
0
0
0.164561403508772
0
0.0996491228070175
0
0
0
0.0112280701754386
0
0
0.000701754385964912
0
0
0.121754385964912
0
0
0
0
0
0.000350877192982456
0
0.424912280701754
0
0.00105263157894737
0
0.0154385964912281
0
0.000701754385964912
0
0
0
0.189824561403509
0
0.00140350877192982
0
0
0
0
0
0
0
0
0
0.263508771929825
0
0
0
0.0431578947368421
0
0
0
0
0
0
0
0.0656140350877193
0.00140350877192982
0.23859649122807
0.0157894736842105
0
0.0319298245614035
0
0
0
0.0571929824561404
0.00175438596491228
0
0
0.0347368421052632
0
0.609473684210526
0
0.00456140350877193
0
0
0.000701754385964912
0.195087719298246
0
0
0.111929824561404
0
0
0
0
0
0.214385964912281
0
0
0
0
0
0
0
0.211228070175439
0
0.0557894736842105
0
0
0
0
0.195087719298246
0
0
0.0189473684210526
0.209122807017544
0
0
0
0
0
0.0214035087719298
0
0.192982456140351
0.00105263157894737
0
0.0705263157894737
0
0
0
0
0.160350877192982
0
0
0.00350877192982456
0
0
0
0
0.603157894736842
0.267017543859649
0
0.0312280701754386
0.0336842105263158
0
0.465964912280702
0
0
0
0
0
0.149824561403509
0.0266666666666667
0
0
0
0
0.630175438596491
0
0.00105263157894737
0
0
0
0
0.382105263157895
0
0
0
0
0
0
0.0571929824561404
0
0
0
0.393684210526316
0
0.645964912280702
0.00140350877192982
0.24280701754386
0
0
0
0
0
0.00105263157894737
0
0.303157894736842
0.0424561403508772
0
0.00280701754385965
0.555087719298246
0.324210526315789
0.0203508771929825
0
0
0.211929824561403
0
0
0
0
0.0347368421052632
0
0.311929824561404
0
0
0
0.000350877192982456
0
0
0.00280701754385965
0
0
0
0
0.000350877192982456
0
0.562105263157895
0.0371929824561404
0
0
0.052280701754386
0
0.364912280701754
0
0.0242105263157895
0
0
0
0.160701754385965
0
0.690526315789474
0
0.384210526315789
0
0
0
0
0.536842105263158
0
0
0
0.0263157894736842
0
0
0
0
0
0
0
0.00385964912280702
0
0
0
0
0
0
0
0
0
0
0
0.511228070175439
0
0.000350877192982456
0
0
0
0
0
0
0
0.0554385964912281
0
0.0294736842105263
0.0228070175438597
0
0
0
0
0
0
0
0
0.510877192982456
0
0
0.0649122807017544
0
0
0.0403508771929825
0
0.890877192982456
0
0
0
0.900701754385965
0.0210526315789474
0
0.350175438596491
0
0
0.110175438596491
0
0
0
0.0463157894736842
0
0.000701754385964912
0
0
0
0
0
0
0
0.364561403508772
0.224210526315789
0
0
0.178245614035088
0
0.880350877192982
0
0.564912280701754
0
0
0
0.00456140350877193
0
0
0.0185964912280702
0.0505263157894737
0
0
0
0.144210526315789
0
0
0
0
0
0
0
0.183859649122807
0
0
0.0192982456140351
0
0.198245614035088
0
0
0.0375438596491228
0
0
0.0396491228070175
0
0
0
0.0182456140350877
0
0
0
0.159649122807018
0
0
0
0
0
0
0
0
0
0
0
0
0
0.245614035087719
0
0
0
0.276491228070175
0
0
0.00771929824561404
0
0
0.171929824561404
0
0
0.205614035087719
0.000350877192982456
0
0
0
0
0
0
0
0
0
0
0.0329824561403509
0
0
0
0
0
0
0.443859649122807
0
0
0.796140350877193
0
0.0280701754385965
0
0.205614035087719
0
0
0
0.0817543859649123
0
0
0
0
0.00175438596491228
0
0
0.00912280701754386
0.0228070175438597
0.0792982456140351
0
0
0.194035087719298
0
0.545614035087719
0
0.43859649122807
0.266666666666667
0
0.0498245614035088
0.0147368421052632
0.000701754385964912
0
0
0
0
0
0
0
0
0
0.186666666666667
0
0
0
0
0
0
0.390175438596491
0.142105263157895
0
0.00491228070175439
0
0.134385964912281
0
0.0112280701754386
0
0.0242105263157895
0
0
0
0.809122807017544
0
0
0
0.0214035087719298
0.00456140350877193
0
0
0
0
0
0.0242105263157895
0
0.123157894736842
0.885263157894737
0
0
0
0
0.00456140350877193
0.817894736842105
0
0
0
0.225263157894737
0.00385964912280702
0
0
0
0
0.0873684210526316
0
0
0.0473684210526316
0.184561403508772
0
0
0.22
0
0.076140350877193
0.00175438596491228
0
0.549473684210526
0.346666666666667
0.248421052631579
0.208070175438596
0.00280701754385965
0
0
0.00140350877192982
0
0
0.00210526315789474
0
0
0.0364912280701754
0
0
0
0
0
0
0
0.548070175438596
0.04
0
0.64
0
0.0575438596491228
0.36140350877193
0.711228070175439
0
0
0
0
0
0
0
0.0557894736842105
0
0.28280701754386
0
0.0108771929824561
0.154736842105263
0
0.257543859649123
0
0
0.372982456140351
0
0.00140350877192982
0
0
