"x"
0
0
0.025518341307815
0
0
0
0.550239234449761
0
0
0.018341307814992
0.000797448165869219
0
0.373205741626794
0.495215311004785
0.0925039872408294
0
0
0
0
0
0
0
0
0
0
0
0.0502392344497608
0
0.588516746411483
0
0
0
0.0917065390749601
0
0
0
0.144338118022329
0.235247208931419
0
0.0135566188197767
0
0
0
0
0.00239234449760766
0.0279106858054226
0
0
0.0127591706539075
0.0143540669856459
0
0.278309409888357
0
0.00159489633173844
0
0.176236044657097
0
0
0
0
0.00159489633173844
0.0135566188197767
0.0629984051036683
0.0287081339712919
0.107655502392345
0
0
0
0
0
0
0
0.0645933014354067
0.362041467304625
0
0
0.00717703349282297
0.257575757575758
0
0
0
0
0
0.0486443381180223
0
0
0.0406698564593301
0
0
0.00797448165869218
0.103668261562998
0
0.484051036682616
0
0.57097288676236
0.172248803827751
0
0.0271132376395534
0
0.152312599681021
0
0
0
0.420255183413078
0
0.690590111642743
0
0
0
0.0231259968102073
0
0
0
0.147527910685805
0
0
0
0
0
0
0.213716108452951
0
0.00318979266347687
0
0
0
0
0.134768740031898
0.0295055821371611
0
0
0
0
0
0.00318979266347687
0
0.0135566188197767
0
0
0
0
0
0
0
0
0.0422647527910686
0
0
0.00478468899521531
0
0.087719298245614
0
0
0
0
0
0
0.0342902711323764
0.0342902711323764
0.00318979266347687
0
0
0
0.094896331738437
0
0.0789473684210526
0.617224880382775
0.0151515151515152
0
0.0295055821371611
0.0287081339712919
0
0
0.754385964912281
0
0.211323763955343
0
0
0
0
0
0
0
0
0.0534290271132376
0
0
0.101275917065391
0.0996810207336523
0
0
0.710526315789474
0.0135566188197767
0.0861244019138756
0.113237639553429
0
0
0.0374800637958533
0
0.0550239234449761
0
0
0
0
0
0
0
0.144338118022329
0
0
0.05103668261563
0
0.0629984051036683
0
0
0.0295055821371611
0
0
0
0.661881977671451
0
0.135566188197767
0
0
0.0271132376395534
0.00637958532695375
0
0
0.834130781499203
0
0
0
0
0.393141945773525
0
0.195374800637959
0
0.0813397129186603
0
0
0
0.414673046251994
0
0.0366826156299841
0
0
0
0
0.101275917065391
0
0
0.018341307814992
0.0143540669856459
0
0
0
0.0494417862838915
0
0.101275917065391
0
0
0
0
0.588516746411483
0
0
0
0
0
0
0
0.00318979266347687
0
0
0
0.0789473684210526
0
0.141148325358852
0.0143540669856459
0.539074960127592
0.290271132376396
0.0534290271132376
0
0.0940988835725678
0
0.207336523125997
0
0
0
0
0.0087719298245614
0
0.0087719298245614
0.00558213716108453
0
0
0
0
0.00398724082934609
0
0.018341307814992
0
0
0.17304625199362
0.0303030303030303
0
0
0
0.0566188197767145
0
0
0.0087719298245614
0.0606060606060606
0
0
0
0
0.0318979266347687
0
0
0.0606060606060606
0.271132376395534
0.310207336523126
0
0.0111642743221691
0
0
0
0.00797448165869218
0
0.00318979266347687
0.00398724082934609
0
0
0
0
0.018341307814992
0
0.018341307814992
0
0
0
0
0
0
0
0
0
0.0318979266347687
0
0
0.419457735247209
0.0733652312599681
1
0.0111642743221691
0
0
0
0
0
0.447368421052632
0
0
0
0.00159489633173844
0
0
0.0231259968102073
0.337320574162679
0
0.00797448165869218
0.00637958532695375
0.00159489633173844
0.246411483253589
0
0.0709728867623605
0
0
0
0
0.19377990430622
0
0
0.0446570972886762
0
0.0159489633173844
0
0
0
0
0
0
0
0
0.223285486443381
0
0
0
0
0
0.00717703349282297
0
0
0.00159489633173844
0.00239234449760766
0.0925039872408294
0
0
0
0
0
0
0
0
0.0135566188197767
0
0
0
0
0
0
0
0
0
0.691387559808612
0.123604465709729
0
0
0
0
0.00159489633173844
0
0
0.0103668261562998
0
0.000797448165869219
0
0
0
0
0
0.0566188197767145
0
0
0
0
0
0.032695374800638
0
0
0.283891547049442
0
0
0
0
0
0
0
0
0
0
0
0
0
0
0
0.00478468899521531
0
0.0103668261562998
0
0
0
0.537480063795853
0.618022328548644
0
0.107655502392345
0
0
0
0.0486443381180223
0.376395534290271
0
0
0
0
0.107655502392345
0
0
0.0279106858054226
0
0.0677830940988836
0
0
0
0.0430622009569378
0
0
0
0
0
0
0
0.100478468899522
0
0
0
0
0.521531100478469
0
0
0
0
0
0
0.00956937799043062
0
0
0.111642743221691
0
0
0
0
0.789473684210526
0.0271132376395534
0
0
0
0
0.0645933014354067
0.4896331738437
0
0
0
0
0
0
0.0135566188197767
0.0486443381180223
0
0.00478468899521531
0.23444976076555
0
0
0.182615629984051
0
0
0
0
0.294258373205742
0
0
0
0
0
0.280701754385965
0.109250398724083
0
0
0.018341307814992
0
0
0.702551834130781
0
0
0.172248803827751
0
0
0
0
0
0
0.0175438596491228
0.000797448165869219
0
0
0
0
0
0
0.304625199362041
0.152312599681021
0
0
0.311802232854864
0
0.0917065390749601
0
0
0.00637958532695375
0.00318979266347687
0.0231259968102073
0.343700159489633
0.0318979266347687
0.00797448165869218
0.0127591706539075
0
0
0
0
0.0829346092503987
0.100478468899522
0.0486443381180223
0.0207336523125997
0
0
0.0996810207336523
0.91786283891547
0.00558213716108453
0
0.473684210526316
0
0
0.555023923444976
0.0231259968102073
0.00956937799043062
0
0
0.00239234449760766
0
0
0
0
0
0
0
0
0.0590111642743222
0
0
0
0
0
0
0.143540669856459
0
0.00239234449760766
0.255980861244019
0.0087719298245614
0.0191387559808612
0
0
0.00398724082934609
0.0574162679425837
0
0
0
0
0.509569377990431
0
0
0
0
0.069377990430622
0
0
0.00159489633173844
0.585326953748006
0
0
0
0
0
0
0.0414673046251994
0.0980861244019139
0.00797448165869218
0
0.196172248803828
0
0
0
0
0
0
0.133173843700159
0.172248803827751
0
0
0
0
0.0191387559808612
0.00159489633173844
0.0614035087719298
0
0
0
0
0.0127591706539075
0
0
0
0.302232854864434
0.236044657097289
0
0
0.342105263157895
0
0
0
0
0.287878787878788
0
0.0127591706539075
0
0
0
0.179425837320574
0
0
0
0
0
0.00318979266347687
0
0
0.025518341307815
0
0.39792663476874
0.422647527910686
0.560606060606061
0.10207336523126
0
0
0
0
0
0
0.0311004784688995
0.0087719298245614
0
0
0
0.0287081339712919
0
0
0.087719298245614
0.236044657097289
0.0223285486443381
0
0.223285486443381
0
0.00797448165869218
0.474481658692185
0
0
0.148325358851675
0
0
0
0
0.00398724082934609
0
0
0.0940988835725678
0
0
0
0
0
0
0
0.0645933014354067
0
0
0.215311004784689
0
0
0
0.144338118022329
0
0
0.799840510366826
0
0
0
0.00318979266347687
0
0
0.0406698564593301
0.025518341307815
0
0
0.00956937799043062
0.0526315789473684
0.018341307814992
0
0
0.00398724082934609
0
0
0.0925039872408294
0
0.672248803827751
0
0
0.381180223285486
0
0.16347687400319
0
0.124401913875598
0.0478468899521531
0
0
0
0.0869218500797448
0.0677830940988836
0
0.00318979266347687
0.0207336523125997
0.0111642743221691
0
0.114035087719298
0
0.256778309409888
0
0
0
0
0
0.0287081339712919
0
0
0.0111642743221691
0
0
0
0.427432216905901
0
0
0.0159489633173844
0.0574162679425837
0
0.149122807017544
0
0.0143540669856459
0.149920255183413
0
0.222488038277512
0
0
0.0462519936204147
0.00159489633173844
0
0
0
0
0
0
0
0
0
0
0
0.151515151515152
0
0
0
0.0996810207336523
0.094896331738437
0
0.0733652312599681
0
0
0
0.00159489633173844
0.0239234449760766
0
0.0271132376395534
0.018341307814992
0.0494417862838915
0
0
0.058213716108453
0
0
0
0
0
0.043859649122807
0
0.156299840510367
0
0
0.00558213716108453
0
0.137161084529506
0.00478468899521531
0
0.094896331738437
0
0.62200956937799
0.00956937799043062
0.00159489633173844
0
0.0135566188197767
0.527113237639553
0
0
0
0
0
0.0223285486443381
0.00956937799043062
0
0.094896331738437
0.323763955342903
0
0
0.05103668261563
0
0
0.0590111642743222
0.586921850079745
0.0821371610845295
0
0
0
0.0956937799043062
0.105263157894737
0.0869218500797448
0.000797448165869219
0.566188197767145
0
0
0
0
0
0
0.0143540669856459
0
0.0470494417862839
0.41866028708134
0
0
0.0709728867623605
0
0
0
0
0.162679425837321
0.117224880382775
0
0
0
0
0.0239234449760766
0.640350877192982
0
0
0
0
0
0.0829346092503987
0
0
0.125996810207337
0
0.0191387559808612
0.00318979266347687
0
0
0.499202551834131
0
0
0
0
0
0
0
0
0
0.355661881977671
0
0
0
0
0
0
0
0
0
0.300637958532695
0
0
0
0
0
0.31658692185008
0.241626794258373
0.421850079744817
0
0.25518341307815
0
0.0143540669856459
0.120414673046252
0.416267942583732
0
0.00318979266347687
0.988835725677831
0
