"x"
0
0
0
0
0
0
0.677543859649123
0
0
0
0.0252631578947368
0
0.763157894736842
0.149824561403509
0
0.00947368421052632
0
0
0
0
0
0
0
0
0
0
0
0.00736842105263158
0
0.000701754385964912
0
0
0.141754385964912
0
0
0
0
0
0.0445614035087719
0.00736842105263158
0
0.31859649122807
0.00526315789473684
0
0.430526315789474
0
0
0
0
0.256491228070175
0
0
0
0.00982456140350877
0
0
0
0.0484210526315789
0
0.676842105263158
0
0
0
0
0
0
0
0
0.0319298245614035
0.468771929824561
0
0
0.0203508771929825
0
0
0
0
0
0
0
0
0
0
0.00210526315789474
0.0445614035087719
0
0
0
0.00140350877192982
0.226315789473684
0
0.834385964912281
0.680350877192982
0
0
0.18
0
0
0.0719298245614035
0
0
0
0
0
0
0.0515789473684211
0
0
0.016140350877193
0
0
0
0
0
0.00175438596491228
0
0.299649122807018
0.0140350877192982
0.00666666666666667
0
0
0
0.0245614035087719
0.0463157894736842
0
0
0
0
0
0
0.00421052631578947
0
0
0
0
0.0143859649122807
0
0
0.240350877192982
0
0
0
0
0
0
0
0
0
0
0.351228070175439
0
0
0
0
0
0.000350877192982456
0
0.247017543859649
0
0.00140350877192982
0
0
0
0
0.0529824561403509
0
0
0
0
0
0
0
0.00842105263157895
0
0
0
0.0817543859649123
0
0
0
0.0403508771929825
0
0
0
0
0
0.0178947368421053
0
0
0
0.195087719298246
0
0.00491228070175439
0.027719298245614
0
0
0
0
0.0129824561403509
0
0
0
0.0112280701754386
0
0
0.00842105263157895
0.0235087719298246
0.102456140350877
0
0.00105263157894737
0
0.0614035087719298
0
0
0
0
0
0
0
0
0
0.156140350877193
0.328070175438597
0.0196491228070175
0
0
0.528421052631579
0
0
0.012280701754386
0.0270175438596491
0
0
0.056140350877193
0.0150877192982456
0.0603508771929825
0
0
0
0
0.00175438596491228
0
0.000701754385964912
0.638245614035088
0.00350877192982456
0
0.00807017543859649
0.0266666666666667
0
0
0
0
0.0592982456140351
0.168070175438596
0
0
0
0.000701754385964912
0.0378947368421053
0.0252631578947368
0.0403508771929825
0
0
0
0
0
0
0
0
0.469122807017544
0
0
0.0108771929824561
0
0.127719298245614
0
0
0
0
0
0
0
0.164561403508772
0
0.00947368421052632
0.794035087719298
0
0.0119298245614035
0
0.706666666666667
0
0
0
0
0.000701754385964912
0.0287719298245614
0.219298245614035
0
0
0
0
0
0
0
0
0.231228070175439
0
0
0.0196491228070175
0.0126315789473684
0
0.00105263157894737
0
0
0
0.00771929824561404
0
0.292982456140351
0.241754385964912
0
0
0
0.00736842105263158
0.000350877192982456
0
0
0
0.00491228070175439
0
0
0
0
0
0
0
0.952631578947368
0
0.733684210526316
0.000350877192982456
0
0.229824561403509
0.7
0
0.023859649122807
0.271228070175439
0.0926315789473684
0
0
0
0
0
0
0.00456140350877193
0
0
0
0.316491228070175
0
0
0.0347368421052632
0
0
0.00385964912280702
0.036140350877193
0
0.259298245614035
0.723508771929825
0
0
0.0975438596491228
0
0
0
0
0
0
0.0185964912280702
0
0.134736842105263
0
0
0
0.486666666666667
0
0
0
0
0.00526315789473684
0.787368421052632
0
0.0189473684210526
0
0
0.116491228070175
0
0
0
0
0
0
0
0
0
0
0.142105263157895
0
0
0
0
0
0.337543859649123
0
0
0.457894736842105
0
0.0368421052631579
0.524210526315789
0
0
0
0
0
0.000701754385964912
0
0
0.75859649122807
0
0
0
0
0
0
0
0
0
0.104210526315789
0
0
0
0
0
0.000701754385964912
0
0
0
0
0
0
0
0
0
0
0.691578947368421
0
0.0196491228070175
0
0
0
0
0
0.0270175438596491
0.153684210526316
0
0
0
0
0.00175438596491228
0
0
0
0
0
0
0.023859649122807
0.122456140350877
0
0
0
0
0
0
0
0.0214035087719298
0
0
0.140701754385965
0
0
0
0
0
0.889122807017544
0.220701754385965
0
0.0203508771929825
0
0.000350877192982456
0
0.0392982456140351
0
0.00947368421052632
0
0
0
0
0
0
0.00315789473684211
0
0
0
0
0
0.0782456140350877
0
0
0
0
0
0.00175438596491228
0
0
0
0
0.185263157894737
0
0
0
0
0
0
0
0
0.000701754385964912
0
0.0340350877192982
0
0
0.072280701754386
0
0
0
0
0.68280701754386
0.497894736842105
0.063859649122807
0
0
0
0
0
0
0
0
0.553684210526316
0.0410526315789474
0
0
0
0
0
0
0
0
0
0.941052631578947
0
0
0.128771929824561
0
0
0.623157894736842
0.347368421052632
0
0
0
0.224912280701754
0
0
0
0
0.0129824561403509
0.0589473684210526
0
0
0.385964912280702
0
0
0
0
0.0950877192982456
0.00526315789473684
0
0.617543859649123
0
0
0.00280701754385965
0
0
0
0.0466666666666667
0
0.131929824561404
0
0
0
0
0.445964912280702
0.0231578947368421
0.982456140350877
0
0
0
0
0
0
0
0
0
0.364561403508772
0
0.00245614035087719
0
0
0.335789473684211
0
0
0
0
0.0936842105263158
0
0
0
0
0
0.116842105263158
0
0
0
0
0
0
0
0.0529824561403509
0
0
0
0.153333333333333
0
0
0
0
0
0
0
0
0
0.00140350877192982
0
0.012280701754386
0
0
0
0
0
0.55578947368421
0
0.52280701754386
0
0.068421052631579
0.0105263157894737
0
0
0
0
0.00280701754385965
0
0
0.212280701754386
0.0357894736842105
0
0.0673684210526316
0
0.273684210526316
0.0319298245614035
0
0
0.00245614035087719
0
0.000350877192982456
0
0.846666666666667
0.164210526315789
0
0
0
0
0
0.000350877192982456
0
0.406315789473684
0
0.0378947368421053
0
0
0
0.0231578947368421
0
0
0
0
0
0
0
0
0.000350877192982456
0
0
0
0
0
0.0407017543859649
0
0
0.000350877192982456
0
0
0
0
0
0.968421052631579
0
0
0.0294736842105263
0
0
0.0866666666666667
0
0.964561403508772
0
0.527017543859649
0
0
0
0
0
0
0.272982456140351
0
0
0.0168421052631579
0
0
0
0
0
0
0
0
0
0
0.000701754385964912
0
0
0
0.477894736842105
0
0
0.000350877192982456
0
0
0
0.265263157894737
0.191228070175439
0.0501754385964912
0.0315789473684211
0.549473684210526
0.116842105263158
0
0
0
0
0
0
0
0.371228070175439
0
0
0
0
0
0.314736842105263
0
0.366315789473684
0
0
0.65719298245614
0
0
0
0
0
0
0.128421052631579
0.228070175438596
0.0547368421052632
0
0
0.68
0
0
0
0
0
0
0.409473684210526
0
0.00491228070175439
0.973684210526316
0
0.227368421052632
0.000701754385964912
0
0
0
0
0.0129824561403509
0.164561403508772
0
0
0
0.0136842105263158
0
0
0
0.326666666666667
0
0
0.0424561403508772
0
0.0224561403508772
0
0.0203508771929825
0
0
0
0
0
0.318947368421053
0
0
0
0.0192982456140351
0
0
0
0
0
0
0
0
0
0.0168421052631579
0
0
0
0.174736842105263
0.252631578947368
0
0
0
0
0
0
0
0
0
0
0
0.012280701754386
0.449122807017544
0.0792982456140351
0
0
0.0263157894736842
0
0.0108771929824561
0
0
0
0
0
0
0.000350877192982456
0
0
0
0
0
0
0
0
0.0087719298245614
0
0.0410526315789474
0
0
0
0.0115789473684211
0.00491228070175439
0
0
0
0.092280701754386
0
0
0.00280701754385965
0.0757894736842105
0.0614035087719298
0
0
0
0
0.0217543859649123
0
0
0
0
0.0778947368421053
0
0
0
0
0.582456140350877
0.0308771929824561
0.00350877192982456
0.260701754385965
0
0.1
0.213333333333333
0
0
0.00175438596491228
0.656842105263158
0
0
0
0
0.0431578947368421
0
0
0
0
0
0.206315789473684
0
0
0
0
0
0.0308771929824561
0.834385964912281
0
0
0
0
0
0
0
0
0
0
0
0
0
0
0
0
0.0157894736842105
0.00105263157894737
0
0
0
0
0.130526315789474
0
0.0192982456140351
0
0.00701754385964912
0
0
0.204210526315789
0
0
0.00175438596491228
0
0
0
0.0143859649122807
0
