"x"
0
0
0.388157894736842
0
0
0
0
0
0
0
0.0674342105263158
0
0
0
0
0.0797697368421053
0.393914473684211
0
0
0
0
0
0
0.816611842105263
0
0
0
0
0
0.217927631578947
0
0
0
0
0
0
0
0
0
0
0
0
0
0
0
0
0
0
0
0.699013157894737
0
0
0
0
0
0.000822368421052632
0
0.936677631578947
0
0
0
0
0
0
0
0
0
0
0
0
0
0
0
0
0
0
0
0.167763157894737
0
0
0
0
0.0106907894736842
0.0962171052631579
0
0
0
0
0
0
0
0
0
0
0
0
0
0
0
0
0
0
0
0
0
0
0
0
0
0
0
0
0
0
0
0
0
0
0
0
0
0
0.00246710526315789
0
0
0.00822368421052632
0
0
0
0.124177631578947
0.973684210526316
0.965460526315789
0
0
0
0
0
0
0
0
0
0
0
0.00493421052631579
0.0641447368421053
0
0.425164473684211
0
0
0.0279605263157895
0
0
0
0
0
0
0
0.707236842105263
0.0666118421052632
0
0
0
0
0
0
0
0
0
0.166940789473684
0
0
0
0
0
0
0
0
0
0
0.957236842105263
0.173519736842105
0
0
0
0
0
0
0.109375
0
0
0
0.0115131578947368
0.104440789473684
0
0
0
0
0
0
0.0254934210526316
0.0452302631578947
0
0.416940789473684
0
0
0
0
0
0
0
0
0.324835526315789
0
0.0707236842105263
0
0
0.254111842105263
0
0
0.00904605263157895
0
0
0.939144736842105
0
0.0172697368421053
0
0.961348684210526
0
0.0476973684210526
0
0
0
0
0
0
0
0.374177631578947
0
0.140625
0
0
0
0
0.678453947368421
0
0
0
0
0
0
0
0
0
0
0
0.305921052631579
0
0
0.0148026315789474
0
0
0
0.0509868421052632
0
0
0
0
0
0.376644736842105
0
0.412828947368421
0
0.00411184210526316
0
0.296875
0
0
0
0.287006578947368
0
0.554276315789474
0
0
0
0
0
0
0
0.00164473684210526
0.573190789473684
0
0
0.245065789473684
0
0
0
0.0822368421052632
0
0
0
0
0
0
0
0.0361842105263158
0
0.00904605263157895
0
0
0
0
0
0.356907894736842
0
0
0
0
0
0
0
0
0
0
0
0
0
0
0.973684210526316
0
0
0
0
0
0
0
0
0
0
0
0
0
0
0
0
0
0
0
0
0
0
0
0
0
0.0518092105263158
0
0
0
0
0
0
0
0.923519736842105
0
0
0.0106907894736842
0
0
0
0
0
0
0
0
0
0
0
0.371710526315789
0
0.773848684210526
0
0
0
0
0
0
0
0
0.574835526315789
0
0
0
0
0.00657894736842105
0
0.0123355263157895
0
0
0
0
0
0
0
0
0
0.274671052631579
0
0.107730263157895
0
0
0
0
0.00164473684210526
0
0.140625
0.0419407894736842
0
0.0493421052631579
0
0
0
0.0148026315789474
0
0.00246710526315789
0
0
0
0
0
0.268092105263158
0
0
0.617598684210526
0
0
0
0
0
0.00246710526315789
0
0
0
0
0.881578947368421
0
0
0
0
0
0.0345394736842105
0
0
0
0
0
0
0
0
0
0
0
0.256578947368421
0
0
0
0
0
0
0
0
0.253289473684211
0
0
0
0
0.00328947368421053
0.0337171052631579
0
0
0.798519736842105
0
0
0
0
0
0
0
0
0
0
0
0
0
0.0328947368421053
0
0
0
0
0
0
0
0
0
0
0
0
0
0
0
0
0
0
0
0
0
0
0.015625
0
0
0
0.214638157894737
0
0
0
0
0.0476973684210526
0
0
0
0
0
0
0
0
0
0
0
0
0
0
0
0
0
0
0
0
0
0.912006578947368
0
0.00328947368421053
0
0
0
0.0493421052631579
0.0921052631578947
0
0.00740131578947368
0
0
0
0.171875
0
0
0
0.733552631578947
0.359375
0
0
0
0
0
0
0
0
0
0
0
0.439144736842105
0
0
0
0
0
0.946546052631579
0
0.959703947368421
0
0
0
0
0
0.107730263157895
0
0
0.266447368421053
0
0
0.0172697368421053
0
0
0
0
0
0
0
0
0.840460526315789
0
0
0
0
0.402960526315789
0
0
0
0
0
0
0
0
0
0
0
0
0
0
0
0
0
0
0
0
0
0.294407894736842
0
0.933388157894737
0
0.161184210526316
0
0
0
0
0
0
0
0
0
0
0
0
0
0
0
0.00246710526315789
0
0
0
0
0
0.0197368421052632
0
0.0189144736842105
0
0.000822368421052632
0.0164473684210526
0
0.486019736842105
0
0.973684210526316
0
0.768914473684211
0
0
0
0.363486842105263
0.0501644736842105
0
0
0
0
0.973684210526316
0
0
0
0
0
0
0
0
0
0.03125
0
0
0
0.223684210526316
0
0
0
0
0.171875
0.830592105263158
0
0
0
0.953125
0
0.00986842105263158
0
0
0.0238486842105263
0
0
0.787828947368421
0
0
0
0
0
0
0
0
0
0.429276315789474
0
0
0
0
0
0
0.00657894736842105
0
0
0
0
0
0
0
0
0
0
0
0
0
0
0
0.0888157894736842
0
0
0
0
0
0.0304276315789474
0
0
0
0
0
0.696546052631579
0
0
0
0
0
0
0
0.243421052631579
0.590460526315789
0
0
0
0
0
0.945723684210526
0
0
0.200657894736842
0.0230263157894737
0
0.00164473684210526
0
0
0
0
0
0
0
0.121710526315789
0
0.865131578947368
0
0
0
0
0
0.483552631578947
0
0
0
0
0.00493421052631579
0
0
0
0
0
0
0
0
0
0
0
0
0.0222039473684211
0
0
0
0
0.0485197368421053
0.00657894736842105
0
0.0904605263157895
0.175986842105263
0
0
0
0
0
0.0361842105263158
0
0
0
0
0
0
0
0
0
0
0
0
0
0
0.939967105263158
0
0
0
0
0
0
0
0.0361842105263158
0.000822368421052632
0
0.0337171052631579
0
0
0
0
0.619243421052632
0.0847039473684211
0
0
0
0
0.0559210526315789
0
0.000822368421052632
0
0
0
0
0
0
0
0
0
0
0
0
0
0
0
0
0
0
0
0
0
0
0
0.00740131578947368
0
0
0
0
0
0
0
0
0.0139802631578947
0
0
0.00493421052631579
0.000822368421052632
0
0
0
0
0
0.00164473684210526
0
0
0
0.00575657894736842
0
0
0
0
0.726151315789474
0
0
0
0.0666118421052632
0
0
0
0
0
0
0
0
0
0
0
0.000822368421052632
0
0
0
0
0
0.0501644736842105
0
0.391447368421053
0
0.00246710526315789
0
0.0131578947368421
0.690789473684211
0
0
0
0
0.0764802631578947
0
0.579769736842105
0
0
0
0
0
0.00575657894736842
0
0.388157894736842
0
0
0
0.536184210526316
0
0
0
0
0
0
0
0
0
0
0
0
0
0
0
0
0
0
0
0.452302631578947
0
0
0
0
0
0
0
0
0
0
0
0
0.96875
0
