"x"
0
0.278637770897833
0
0
0
0.287581699346405
0.000343997248022016
0
0
0
0.00103199174406605
0
0
0.902992776057791
0
0
0
0.445476436188511
0.407292741658067
0
0.00275197798417613
0
0
0
0
0
0
0.963536291709666
0
0
0
0
0
0.087719298245614
0.0288957688338493
0
0
0.0154798761609907
0
0
0
0.396628826969384
0
0.088063295493636
0.589267285861713
0
0.0144478844169247
0.00756793945648435
0
0
0.243894048847609
0
0.00894392844857241
0
0.0405916752665979
0.342621259029928
0
0
0.0454076367389061
0.289301685586515
0
0.35328517371861
0
0
0.135878912968696
0
0
0
0.00103199174406605
0.0127278981768146
0
0
0
0
0
0.0275197798417613
0.0316477468180255
0.0447196422428621
0
0.321637426900585
0.0130718954248366
0
0
0
0.00137598899208806
0
0
0
0
0
0
0.181974544203646
0
0
0
0
0
0
0
0
0
0.886480908152735
0
0
0.0419676642586859
0.542139662882697
0
0
0.0343997248022016
0
0
0
0
0
0.0065359477124183
0.125902992776058
0
0
0.000687994496044032
0
0.00206398348813209
0
0
0
0
0.0192638458892329
0
0
0
0
0
0.263501891984864
0
0.000343997248022016
0.021327829377365
0.00378396972824217
0
0
0
0.159270725834193
0.136910904712762
0
0
0
0
0
0.0192638458892329
0.042999656002752
0.647402820777434
0
0
0
0
0
0
0
0
0.0454076367389061
0
0
0
0
0
0.00687994496044032
0
0
0.00894392844857241
0
0.000343997248022016
0
0
0
0
0
0.475748194014448
0
0
0.241830065359477
0
0
0
0.0199518403852769
0
0
0
0.35500515995872
0
0
0
0.0412796697626419
0.0134158926728586
0.00309597523219814
0.0509115927072583
0
0.022359821121431
0
0.348469212246302
0
0.00309597523219814
0
0
0.0103199174406605
0
0
0
0
0.0956312349501204
0.102855177158583
0
0
0
0
0.523219814241486
0
0
0
0
0.0202958376332989
0.0467836257309941
0
0.0264877880976952
0.0935672514619883
0
0
0
0
0
0
0
0.000343997248022016
0
0
0.000343997248022016
0
0
0.567251461988304
0
0
0
0.00240798073615411
0.848641210870313
0
0
0.00584795321637427
0
0
0
0.00309597523219814
0
0
0.0450636394908841
0.00137598899208806
0
0
0
0.0818713450292398
0.0395596835225318
0.0801513587891297
0
0.0687994496044032
0
0.00309597523219814
0
0
0
0
0
0
0.0113519091847265
0
0.372205022359821
0.000343997248022016
0.404540763673891
0
0
0
0
0
0.903680770553836
0.00825593395252838
0
0
0
0
0
0.0151358789129687
0
0
0
0.0306157550739594
0
0
0
0
0.00206398348813209
0
0.0368077055383557
0
0.0158238734090127
0
0
0
0
0
0
0.697626418988648
0.326453388372893
0
0
0
0.0388716890264878
0
0.08703130374957
0
0
0.0454076367389061
0
0
0
0
0
0
0.00963192294461644
0.0189198486412109
0
0.759201926384589
0
0
0
0
0.246302029583763
0
0
0
0
0
0
0
0.0928792569659443
0
0
0
0.000343997248022016
0
0.0123839009287926
0
0
0
0
0
0.0471276229790162
0
0
0
0.0361197110423117
0.00275197798417613
0
0
0
0.00171998624011008
0.00103199174406605
0
0
0
0.00791193670450636
0
0
0
0.143446852425181
0
0.106983144134847
0
0.00447196422428621
0
0
0
0
0.0326797385620915
0
0.0474716202270382
0
0.00103199174406605
0
0.396284829721362
0
0
0
0
0
0
0
0
0
0
0.00103199174406605
0.0354317165462676
0
0
0
0
0
0
0
0
0.149982800137599
0
0.25077399380805
0
0
0.00378396972824217
0.0529755761953904
0
0.0712074303405573
0
0.0402476780185759
0
0
0
0
0
0.633298933608531
0
0
0
0.0374957000343997
0.677330581355349
0
0
0
0.0240798073615411
0
0.119711042311662
0.166150670794634
0
0.0361197110423117
0
0.00584795321637427
0
0
0
0.284485724114207
0
0.980048159614723
0
0
0.189198486412109
0.00137598899208806
0
0
0.329893360853113
0
0
0.00481596147230822
0.1671826625387
0
0
0
0
0
0
0
0
0
0
0
0
0
0
0
0
0
0
0.000687994496044032
0.00103199174406605
0
0
0.0622635018919849
0
0
0
0
0
0
0.0378396972824217
0
0
0
0.0956312349501204
0
0
0
0.17578259373925
0
0
0
0
0.215342277261782
0
0
0
0
0
0
0.0171998624011008
0
0.00687994496044032
0.000687994496044032
0
0.0196078431372549
0
0
0
0.0295837633298934
0
0.0853113175094599
0
0
0
0
0.00171998624011008
0
0
0
0.0189198486412109
0.0681114551083591
0
0.971104231166151
0.0192638458892329
0
0
0
0.00309597523219814
0
0
0
0
0
0
0
0
0.0103199174406605
0
0
0
0
0.0065359477124183
0
0
0
0
0
0
0
0
0
0.315789473684211
0
0.0147918816649467
0.278293773649811
0
0
0
0
0
0.0137598899208806
0
0
0.0147918816649467
0
0
0
0.166494668042656
0
0
0
0
0
0
0
0
0
0
0
0
0
0.624699002407981
0.00997592019263846
0.00756793945648435
0
0
0
0
0.0591675266597867
0
0
0.133814929480564
0.21843825249398
0.00619195046439629
0.998968008255934
0
0
0
0
0
0
0.850017199862401
0
0.0299277605779154
0
0
0.0447196422428621
0
0
0
0.00722394220846233
0.0065359477124183
0.0378396972824217
0.0749914000687995
0.629170966632267
0
0.00206398348813209
0.377708978328173
0.0536635706914345
0.00275197798417613
0
0
0.00103199174406605
0
0.000687994496044032
0
0
0.163398692810458
0.0846233230134159
0
0
0.416236670106639
0
0.0973512211902305
0
0.0966632266941864
0
0
0.00481596147230822
0
0
0
0.21327829377365
0
0
0.00103199174406605
0
0
0
0
0
0
0
0
0
0
0.0423116615067079
0
0.256965944272446
0
0.0288957688338493
0
0
0
0
0
0
0
0
0.110767113863089
0
0
0.0151358789129687
0
0
0
0.0165118679050568
0.0780873753009976
0
0
0
0
0.065703474372205
0
0
0
0
0.00206398348813209
0
0.00447196422428621
0.437220502235982
0
0
0
0.0763673890608875
0
0.348813209494324
0.463020295837633
0
0
0
0.0240798073615411
0
0
0
0
0.00825593395252838
0.000687994496044032
0
0
0
0
0
0
0.00756793945648435
0
0
0
0.158926728586171
0
0.167870657034744
0
0
0.16374269005848
0
0
0.301685586515308
0.295493636050912
0.785345717234262
0
0
0.0116959064327485
0
0
0
0.0553835569315446
0
0
0
0
0
0
0.0787753697970416
0
0.00137598899208806
0
0
0.0137598899208806
0.00825593395252838
0
0
0
0
0
0
0
0
0
0.00963192294461644
0
0
0.00171998624011008
0
0
0
0
0
0
0
0.188854489164087
0.000687994496044032
0.0144478844169247
0
0
0.340901272789818
0
0
0
0
0
0.169246646026832
0
0
0.0949432404540764
0
0.160646714826281
0
0
0.120055039559684
0.754041967664259
0
0
0
0
0
0
0.542827657378741
0
0
0
0
0
0.0601995184038528
0.122119023047816
0.0196078431372549
0
0.0423116615067079
0
0.0137598899208806
0
0
0
0
0.0127278981768146
0
0.233230134158927
0
0.0409356725146199
0
0
0.0663914688682491
0
0.998624011007912
0
0
0
0
0
0
0
0
0.0103199174406605
0
0.0890952872377021
0
0
0.0787753697970416
0.00137598899208806
0.646026831785346
0.0887512899896801
0
0.00722394220846233
0.0165118679050568
0
0
0
0
0
0.324045407636739
0.755417956656347
0
0
0
0
0
0
0
0.00137598899208806
0.000687994496044032
0
0
0.000687994496044032
0
0
0.0275197798417613
0.000343997248022016
0.000687994496044032
0
0
0
0.000687994496044032
0.187822497420021
0.00412796697626419
0
0
1
0
0
0
0
0
0
0.416580667354661
0
0
0.00378396972824217
0.906776745786034
0.0354317165462676
0
0
0
0.00240798073615411
0.631922944616443
0
0
0
0
0.0846233230134159
0.840041279669763
0
0
0
0.0939112487100103
0.0536635706914345
0
0
0
0.153766769865841
0
0
0.00309597523219814
0.0581355349157207
0.884072927416581
0
0.170966632266942
0
0
0
0.0306157550739594
0
0.236670106639147
0
0
0.128310973512212
0
0
0.0595115239078087
0.112487100103199
0
0
0
0
0
0
0
0
0
0.000343997248022016
0.0670794633642931
0
0.00240798073615411
0
0
0
0
0.930168558651531
0.0460956312349501
0.00515995872033024
0
0.708634330925353
0.127278981768146
0
0
0
0.0794633642930857
0
0
0
0.0319917440660475
0
0.0512555899552804
0
0
0.348469212246302
0
0
0.0347437220502236
0
0
0.065359477124183
0
0
0
0
0.00928792569659443
0.0206398348813209
0
0
0.00963192294461644
0.0113519091847265
0
0.557619539043688
0
0.000687994496044032
0.0120399036807706
0
0
0
0
0.578259373925009
0
0
0
0
0.157550739594083
0.00137598899208806
