"x"
0.0305263157894737
0.755789473684211
0.421754385964912
0.145614035087719
0.982105263157895
0.946666666666667
0.53859649122807
0.0915789473684211
0.164912280701754
0.954736842105263
0.659298245614035
0.0778947368421053
0.963508771929825
0.777894736842105
0.964912280701754
0
0.218947368421053
0.663859649122807
0.93719298245614
0.602105263157895
0.885964912280702
0.569824561403509
0.384912280701754
0.0185964912280702
0.963508771929825
0.874385964912281
0.328771929824561
0.427719298245614
0.718245614035088
0.151228070175439
0.285964912280702
0.0757894736842105
0.36140350877193
0.863859649122807
0.848421052631579
0.86280701754386
0.356842105263158
0.0645614035087719
0.00280701754385965
0.982456140350877
0.0182456140350877
0.584912280701754
0.905614035087719
0.595087719298246
0.671228070175439
0.579649122807018
0.592280701754386
0.532280701754386
0.731929824561404
0.00491228070175439
0.935789473684211
0.112982456140351
0.976140350877193
0.491929824561403
0.956491228070175
0.00631578947368421
0.606666666666667
0.0694736842105263
0.923859649122807
0.270877192982456
0.443859649122807
0.844561403508772
0.711578947368421
0.242105263157895
0.982456140350877
0.274035087719298
0.409824561403509
0.0280701754385965
0.283508771929825
0.952280701754386
0.197894736842105
0.922456140350877
0.585614035087719
0.161754385964912
0.977894736842105
0.981754385964912
0.930526315789474
0
0.912280701754386
0.0301754385964912
0.982456140350877
0.248070175438596
0.575438596491228
0.0442105263157895
0.732982456140351
0.0866666666666667
0.317543859649123
0.644561403508772
0.0785964912280702
0.150526315789474
0.127719298245614
0.0824561403508772
0.807719298245614
0.358245614035088
0.938947368421053
0.976842105263158
0.819649122807018
0.00631578947368421
0.981754385964912
0
0.107719298245614
0.952982456140351
0.128421052631579
0.425614035087719
0.852631578947368
0.974736842105263
0.799298245614035
0.128070175438597
0.31859649122807
0.979649122807018
0.0087719298245614
0.0417543859649123
0.00631578947368421
0.515789473684211
0.808070175438596
0.785964912280702
0.98140350877193
0.606666666666667
0.0835087719298246
0
0.965964912280702
0.0936842105263158
0.897543859649123
0.654736842105263
0.0568421052631579
0.955087719298246
0.494385964912281
0.876491228070175
0.671578947368421
0.96421052631579
0.789473684210526
0.177894736842105
0.312982456140351
0.87719298245614
0.0301754385964912
0.82280701754386
0.000350877192982456
0.45859649122807
0.773333333333333
0.954736842105263
0.608070175438597
0.401052631578947
0.103859649122807
0
0.570526315789474
0.769473684210526
0.931578947368421
0.979298245614035
0.880701754385965
0.0494736842105263
0.978245614035088
0.414736842105263
0.117894736842105
0.432982456140351
0.930175438596491
0.710175438596491
0.00491228070175439
0.867017543859649
0.754736842105263
0.976491228070175
0.918245614035088
0.679649122807018
0.385263157894737
0.484210526315789
0.880350877192982
0.770877192982456
0.795087719298246
0.353684210526316
0.970877192982456
0.776140350877193
0.743508771929825
0.023859649122807
0.867719298245614
0.446315789473684
0
0.00140350877192982
0.605964912280702
0.106666666666667
0.0203508771929825
0.968421052631579
0.833684210526316
0
0.958245614035088
0.932982456140351
0.0708771929824561
0.716140350877193
0.229122807017544
0.143859649122807
0.899649122807018
0.311228070175439
0.670526315789474
0.0614035087719298
0.219649122807018
0.848070175438597
0.00210526315789474
0.509122807017544
0.597543859649123
0
0.0824561403508772
0.101052631578947
0
0.143859649122807
0.263157894736842
0.891929824561403
0.375789473684211
0.344210526315789
0.531578947368421
0.043859649122807
0.974736842105263
0.00947368421052632
0.94
0.400350877192982
0
0.0807017543859649
0.383859649122807
0.000701754385964912
0.295087719298246
0.196842105263158
0.98
0.802456140350877
0.804210526315789
0.0803508771929825
0.804561403508772
0.172631578947368
0
0.974385964912281
0.00350877192982456
0.00105263157894737
0.527017543859649
0.0771929824561404
0.113684210526316
0.8
0.97719298245614
0.530175438596491
0.876842105263158
0.212280701754386
0.972982456140351
0.568771929824561
0.887719298245614
0.134736842105263
0.297894736842105
0.00385964912280702
0.56280701754386
0.982456140350877
0.506315789473684
0.982456140350877
0.575087719298246
0.00596491228070175
0.0228070175438597
0.693333333333333
0.594035087719298
0.951929824561404
0.931929824561403
0.771929824561403
0.0764912280701754
0.807719298245614
0.139649122807018
0.904912280701754
0.352982456140351
0.283157894736842
0.981754385964912
0.94421052631579
0.0203508771929825
0.390175438596491
0.649122807017544
0.436491228070175
0.963859649122807
0.67719298245614
0.692280701754386
0.212631578947368
0.563157894736842
0.768771929824561
0.271228070175439
0.906666666666667
0.0364912280701754
0.547719298245614
0.655087719298246
0.74140350877193
0.0929824561403509
0.569473684210526
0.316842105263158
0.374035087719298
0.817894736842105
0.978245614035088
0.320701754385965
0.294736842105263
0.0498245614035088
0.594035087719298
0.665614035087719
0.982456140350877
0.871578947368421
0.016140350877193
0.712280701754386
0.154385964912281
0.929122807017544
0.370175438596491
0.926315789473684
0.915438596491228
0.0056140350877193
0.567368421052632
0.974736842105263
0.0919298245614035
0.0301754385964912
0.072280701754386
0.982105263157895
0.391929824561404
0.16
0.975087719298246
0.0168421052631579
0.121052631578947
0.0540350877192982
0.394035087719298
0
0.968421052631579
0.0136842105263158
0.122105263157895
0.0164912280701754
0.887017543859649
0.0645614035087719
0.448771929824561
0.231929824561404
0.230877192982456
0.467368421052632
0.365964912280702
0.0150877192982456
0.931929824561403
0.910175438596491
0.76
0.585614035087719
0.769122807017544
0.0326315789473684
0.00315789473684211
0.982456140350877
0.00421052631578947
0.179649122807018
0.0385964912280702
0.473333333333333
0.708421052631579
0.974385964912281
0.478245614035088
0.941052631578947
0.554035087719298
0.0340350877192982
0.110175438596491
0.447017543859649
0.0294736842105263
0.134035087719298
0.0659649122807018
0.00315789473684211
0.260350877192982
0.104912280701754
0.315789473684211
0.894035087719298
0.960350877192983
0.81719298245614
0.173333333333333
0.982456140350877
0.0182456140350877
0.68140350877193
0.0778947368421053
0.77578947368421
0.861754385964912
0.753333333333333
0.94280701754386
0.840350877192982
0.597894736842105
0.879649122807018
0.982456140350877
0.658947368421053
0.0957894736842105
0.657894736842105
0.966666666666667
0.967719298245614
0.757894736842105
0.00491228070175439
0.477543859649123
0.00140350877192982
0.350877192982456
0.102105263157895
0.0224561403508772
0.0764912280701754
0.323508771929825
0.97859649122807
0.0473684210526316
0.831578947368421
0.966666666666667
0.14
0.00245614035087719
0.00491228070175439
0.36280701754386
0.982456140350877
0.551578947368421
0.731578947368421
0.04
0.212631578947368
0.872982456140351
0.384210526315789
0.404561403508772
0.0056140350877193
0.90280701754386
0.60140350877193
0.634385964912281
0.454736842105263
0.0087719298245614
0.047719298245614
0.0466666666666667
0
0.909122807017544
0.113333333333333
0.0536842105263158
0.963157894736842
0.730175438596491
0.89859649122807
0.982456140350877
0.598947368421053
0.00736842105263158
0.359298245614035
0.291228070175439
0.982456140350877
0.0119298245614035
0.444912280701754
0.920701754385965
0.0596491228070175
0.127017543859649
0.79578947368421
0.575789473684211
0.949473684210526
0.0140350877192982
0.975789473684211
0.0266666666666667
0.411929824561404
0.209473684210526
0.64
0.785263157894737
0.934035087719298
0.00315789473684211
0.798947368421053
0.966315789473684
0.131929824561404
0.544561403508772
0.376842105263158
0.982456140350877
0.950526315789474
0.0870175438596491
0.823508771929825
0.654736842105263
0.156140350877193
0.0508771929824561
0.012280701754386
0.958947368421053
0.982456140350877
0.674736842105263
0.169473684210526
0.105964912280702
0.0424561403508772
0.0428070175438596
0.970175438596491
0.982456140350877
0.982456140350877
0.982105263157895
0.981052631578947
0.0375438596491228
0
0.0140350877192982
0.91578947368421
0.962105263157895
0.0108771929824561
0.0645614035087719
0
0.117543859649123
0.431578947368421
0.387368421052632
0.340350877192982
0.43859649122807
0.457894736842105
0.982105263157895
0.566666666666667
0.681754385964912
0.596842105263158
0.360701754385965
0.855087719298246
0.759298245614035
0.849473684210526
0.0294736842105263
0
0.620701754385965
0.0182456140350877
0.108421052631579
0.225263157894737
0.0571929824561404
0.742456140350877
0.0192982456140351
0.982456140350877
0.867719298245614
0.965614035087719
0.299649122807018
0.172631578947368
0.0189473684210526
0.245263157894737
0.876140350877193
0.944912280701754
0.102456140350877
0.319649122807018
0.979298245614035
0.00350877192982456
0.963508771929825
0.0554385964912281
0.624210526315789
0.479298245614035
0.00175438596491228
0.745263157894737
0.318947368421053
0.0557894736842105
0.143859649122807
0.140350877192982
0.970175438596491
0.901052631578947
0.594736842105263
0.0417543859649123
0.802105263157895
0.160350877192982
0.00526315789473684
0.911578947368421
0.159649122807018
0.0375438596491228
0.623859649122807
0.253684210526316
0.973333333333333
0.790877192982456
0.976140350877193
0.86280701754386
0.94421052631579
0.331578947368421
0.288771929824561
0.643157894736842
0.145964912280702
0.0912280701754386
0.123508771929825
0.121052631578947
0.485263157894737
0.104561403508772
0.00736842105263158
0.979298245614035
0.750175438596491
0.0470175438596491
0.755087719298246
0.585614035087719
0.62
0.0256140350877193
0.982456140350877
0.90140350877193
0.621052631578947
0.694385964912281
0.563859649122807
0.982456140350877
0.941052631578947
0.96421052631579
0.436842105263158
0.407017543859649
0.00701754385964912
0.665263157894737
0.70140350877193
0.664912280701754
0.0978947368421053
0.85859649122807
0.0378947368421053
0.000350877192982456
0.451228070175439
0.0315789473684211
0.123157894736842
0.982456140350877
0.979649122807018
0.235087719298246
0.287719298245614
0
0.356842105263158
0.947368421052632
0.356140350877193
0.780350877192982
0.105263157894737
0.905964912280702
0.752280701754386
0.974035087719298
0.17719298245614
0.714736842105263
0
0.390526315789474
0.167017543859649
0.0856140350877193
0.982456140350877
0.268070175438597
0.957543859649123
0.968421052631579
0.688421052631579
0.122456140350877
0.012280701754386
0.853684210526316
0.508070175438596
0.00175438596491228
0.132982456140351
0.0056140350877193
0.823157894736842
0.06
0.402456140350877
0.668771929824561
0.188070175438596
0.750877192982456
0.894736842105263
0.108771929824561
0.402456140350877
0.874385964912281
0.313333333333333
0.205964912280702
0.979649122807018
0.00105263157894737
0.909473684210526
0.0964912280701754
0.00666666666666667
0.909824561403509
0.53859649122807
0.0905263157894737
0.0508771929824561
0.0319298245614035
0.0280701754385965
0.977894736842105
0.00105263157894737
0.818245614035088
0.0512280701754386
0.0771929824561404
0.761052631578947
0.168070175438596
0.392280701754386
0.895789473684211
0.0350877192982456
0.907017543859649
0
0.850526315789474
0.0508771929824561
0.688421052631579
0.183859649122807
0.662456140350877
0.177894736842105
0.0863157894736842
0.0196491228070175
0.210526315789474
0.95859649122807
0.753333333333333
0.893684210526316
0.945263157894737
0
0.478947368421053
0.632631578947368
0.0656140350877193
0.763859649122807
0.00105263157894737
0.766666666666667
0.0428070175438596
0.0294736842105263
0.973684210526316
0.00526315789473684
0
0.000701754385964912
0
0.982456140350877
0.614035087719298
0.04
0.143859649122807
0.917543859649123
0.141052631578947
0.0866666666666667
0.023859649122807
0.0228070175438597
0.982456140350877
0.0821052631578947
0.00140350877192982
0.487017543859649
0.22
0.982456140350877
0.982456140350877
0.618947368421053
0.277543859649123
0.570526315789474
0.975438596491228
0.78
0
0.884561403508772
0.170877192982456
0.548421052631579
0.012280701754386
0.975438596491228
0.816842105263158
0.508070175438596
0.529824561403509
0.932982456140351
0.783508771929825
0.680350877192982
0.932631578947368
0.175438596491228
0.320701754385965
0
0.00701754385964912
0.632982456140351
0.0550877192982456
0.245614035087719
0.509122807017544
0.971578947368421
0.0891228070175439
0.683859649122807
0.0617543859649123
0.170175438596491
0.979298245614035
0.586315789473684
0.919649122807017
0.93719298245614
0.0628070175438596
0.982456140350877
0.0687719298245614
0.688070175438596
0.032280701754386
0.0828070175438596
0.0140350877192982
0.125964912280702
0.210877192982456
0.280350877192982
0.406666666666667
0.949122807017544
0.793333333333333
0.4
0.0108771929824561
0.206315789473684
0.733333333333333
0.310526315789474
0.915087719298246
0.684912280701754
0.854736842105263
0.0466666666666667
0.348070175438596
0.867368421052632
0.534736842105263
0.952982456140351
0.975438596491228
0.289824561403509
0.98
0.287017543859649
0.969122807017544
0.964912280701754
0.0115789473684211
0.114385964912281
0.63859649122807
0.977543859649123
0.588421052631579
0.614385964912281
0.00456140350877193
0.855789473684211
0.707719298245614
0.66280701754386
0.406666666666667
0.965964912280702
0.0596491228070175
0.314736842105263
0.0726315789473684
0.391228070175439
0.809824561403509
0.00315789473684211
0.338947368421053
0.43859649122807
0.353333333333333
0.0308771929824561
0.92
0.191929824561404
0.937543859649123
0.127368421052632
0.0659649122807018
0.036140350877193
0.610877192982456
0.746666666666667
0.0347368421052632
0.957894736842105
0.589122807017544
0.930877192982456
0.116140350877193
0
0.642105263157895
0.105263157894737
0.0571929824561404
0.371228070175439
0.498245614035088
0.748070175438596
0.948070175438597
0.549473684210526
0.456491228070175
0.98140350877193
0
0.976842105263158
0.904561403508772
0.378245614035088
0.812280701754386
0.428421052631579
0.935438596491228
0.00245614035087719
0.0473684210526316
0.0631578947368421
0.951578947368421
0.00666666666666667
0.982456140350877
0.676491228070175
0.790175438596491
0.928070175438596
0.96280701754386
0.374385964912281
0.905263157894737
0.249122807017544
0.980701754385965
0.578245614035088
0.544210526315789
0.0680701754385965
0
0.934736842105263
0.871578947368421
0.488771929824561
0.972631578947368
0.453684210526316
0.537894736842105
0.0929824561403509
0.128070175438597
0.785263157894737
0.576491228070175
0.0136842105263158
0.0171929824561404
0.367719298245614
0.963157894736842
0.830175438596491
0.953684210526316
0.982456140350877
0.678245614035088
0.810877192982456
0.715789473684211
0.598947368421053
0.0512280701754386
0.960701754385965
0.0431578947368421
0
0.311929824561404
0.940701754385965
0.881052631578947
0.192631578947368
0.732982456140351
0.723508771929825
0.0435087719298246
0.312982456140351
0.982456140350877
0.709473684210526
0.421052631578947
0.88
0.624210526315789
0
0.974385964912281
0.0178947368421053
0.936842105263158
0.0168421052631579
0.394035087719298
0.899649122807018
0.977543859649123
0.352631578947368
0.173684210526316
0.32280701754386
0.169473684210526
0.110526315789474
0.0263157894736842
0.0701754385964912
0.480701754385965
0.529473684210526
0.609824561403509
0.150877192982456
0.667719298245614
0.327017543859649
0.343508771929825
0.0933333333333333
0.836491228070175
0.872982456140351
0.0263157894736842
0.979649122807018
0.686315789473684
0.707017543859649
0.135789473684211
0.283157894736842
0.188421052631579
0.560701754385965
0.533684210526316
0.792631578947368
0.904210526315789
0.000350877192982456
0.895438596491228
0.323859649122807
0.250175438596491
0.0119298245614035
0.00842105263157895
0.261754385964912
0.243859649122807
0.00842105263157895
0.390877192982456
0.660701754385965
0.111228070175439
0.817543859649123
0.776842105263158
0.397543859649123
0.867017543859649
0.000350877192982456
0.63859649122807
0.436491228070175
0.958947368421053
0.12140350877193
0.982456140350877
0.763859649122807
0.0133333333333333
0
0.975438596491228
0.662456140350877
0.653333333333333
0.164912280701754
0.982456140350877
0.976140350877193
0.855789473684211
0.916140350877193
0.41859649122807
0.694385964912281
0.694035087719298
0.304912280701754
0.445263157894737
0.911578947368421
0.263508771929825
0.753333333333333
0.962105263157895
0.324912280701754
0.15859649122807
0.0519298245614035
0.609824561403509
0.000701754385964912
0.638947368421053
0.924561403508772
0.0375438596491228
0.955789473684211
0.857894736842105
0.277894736842105
0.0736842105263158
0.431228070175439
0.248421052631579
0.883508771929825
0.0189473684210526
0.20280701754386
0.936491228070175
0
0.767368421052632
0.0178947368421053
0.414035087719298
0.204561403508772
0.971929824561404
0.00385964912280702
0.432982456140351
0.103859649122807
0.474736842105263
0.171929824561404
0.977543859649123
0.00175438596491228
0.337543859649123
0.53719298245614
0.98
0.244210526315789
0.408771929824561
0.918245614035088
0.865263157894737
0.466666666666667
0.982456140350877
0.515087719298246
0.586315789473684
0.971228070175439
0.777543859649123
0.940701754385965
0.0252631578947368
0.0056140350877193
0.123859649122807
0.982456140350877
0.569824561403509
0.738245614035088
0.337543859649123
0.486666666666667
0.00210526315789474
0.0891228070175439
0.00245614035087719
0.89719298245614
0.97859649122807
0.934385964912281
0.359298245614035
0.184561403508772
0.451929824561404
0.00421052631578947
0.850877192982456
0.0571929824561404
0.251929824561404
0.707368421052632
