"x"
0
0.0139802631578947
0.872532894736842
0.365953947368421
0.973684210526316
0.471217105263158
0
0.973684210526316
0
0.0180921052631579
0.139802631578947
0.766447368421053
0.851973684210526
0
0.000822368421052632
0.952302631578947
0.973684210526316
0
0
0
0
0.328947368421053
0.106907894736842
0
0.444078947368421
0
0.190789473684211
0.251644736842105
0.967927631578947
0.745065789473684
0.222039473684211
0
0.972039473684211
0
0
0
0.927631578947368
0
0.973684210526316
0.972039473684211
0.000822368421052632
0.745065789473684
0
0.741776315789474
0
0.00822368421052632
0
0.568256578947368
0.932565789473684
0.973684210526316
0
0.504934210526316
0.973684210526316
0
0.134868421052632
0.620065789473684
0.113486842105263
0
0.118421052631579
0
0
0.973684210526316
0.136513157894737
0.426809210526316
0
0.961348684210526
0
0
0
0
0.888157894736842
0
0.00164473684210526
0.901315789473684
0
0.825657894736842
0.00328947368421053
0.973684210526316
0.0929276315789474
0.0370065789473684
0.194901315789474
0
0
0.537828947368421
0.958059210526316
0
0
0
0
0.210526315789474
0
0.777138157894737
0.908717105263158
0.413651315789474
0.00493421052631579
0
0
0.305098684210526
0.337993421052632
0.0279605263157895
0.936677631578947
0.0279605263157895
0.204769736842105
0.973684210526316
0.973684210526316
0
0.671875
0.476973684210526
0.0559210526315789
0.973684210526316
0.0476973684210526
0.9375
0
0
0.793585526315789
0
0
0.501644736842105
0.495065789473684
0
0
0.00493421052631579
0.914473684210526
0.00164473684210526
0
0
0.0518092105263158
0
0.639802631578947
0
0
0.0361842105263158
0
0.421052631578947
0.865131578947368
0
0.0616776315789474
0.000822368421052632
0
0
0.431743421052632
0.462993421052632
0
0.483552631578947
0.973684210526316
0.00822368421052632
0
0
0.0707236842105263
0
0.864309210526316
0.973684210526316
0.971217105263158
0.973684210526316
0
0
0.934210526315789
0
0
0.252467105263158
0.0550986842105263
0.973684210526316
0.861019736842105
0.893914473684211
0
0
0
0
0
0.0699013157894737
0.116776315789474
0.960526315789474
0.268914473684211
0
0
0.0115131578947368
0.541118421052632
0.208059210526316
0.527138157894737
0.834703947368421
0
0
0.629934210526316
0.953125
0.00411184210526316
0.973684210526316
0.973684210526316
0.189144736842105
0.300164473684211
0
0.266447368421053
0.442434210526316
0.973684210526316
0.00657894736842105
0
0.118421052631579
0.972039473684211
0.924342105263158
0
0
0
0
0
0
0
0.715460526315789
0.604440789473684
0.864309210526316
0.00822368421052632
0
0.0320723684210526
0
0.949835526315789
0.243421052631579
0
0.967105263157895
0.927631578947368
0.895559210526316
0.0411184210526316
0
0.393914473684211
0
0.830592105263158
0.870065789473684
0.822368421052632
0.251644736842105
0.513980263157895
0
0
0.331414473684211
0.329769736842105
0
0
0.973684210526316
0.903782894736842
0.0740131578947368
0.255756578947368
0
0.108552631578947
0
0.0197368421052632
0.973684210526316
0.301809210526316
0.973684210526316
0.625822368421053
0
0.557565789473684
0.808388157894737
0.620065789473684
0.973684210526316
0.0263157894736842
0.959703947368421
0.0879934210526316
0.973684210526316
0.929276315789474
0
0.973684210526316
0.5625
0.1875
0.970394736842105
0.436677631578947
0
0
0.966282894736842
0.823190789473684
0.971217105263158
0.0164473684210526
0.965460526315789
0.973684210526316
0.973684210526316
0.973684210526316
0.104440789473684
0.489309210526316
0
0.697368421052632
0.0337171052631579
0
0.113486842105263
0.742598684210526
0.444078947368421
0.194901315789474
0
0.356907894736842
0.128289473684211
0
0.0625
0.0370065789473684
0.957236842105263
0.456414473684211
0.965460526315789
0.00246710526315789
0.933388157894737
0.0600328947368421
0.0657894736842105
0.418585526315789
0
0.420230263157895
0
0
0.592105263157895
0
0.705592105263158
0.953947368421053
0.0115131578947368
0.0172697368421053
0.973684210526316
0.344572368421053
0.888157894736842
0.0526315789473684
0
0
0
0
0.969572368421053
0.0353618421052632
0.0296052631578947
0
0.111842105263158
0.915296052631579
0
0.972039473684211
0.0748355263157895
0.0345394736842105
0
0
0
0.973684210526316
0
0
0.00575657894736842
0.319078947368421
0
0.864309210526316
0.109375
0.75
0
0.199835526315789
0
0
0.945723684210526
0.973684210526316
0.875
0.917763157894737
0.267269736842105
0.446546052631579
0.850328947368421
0.930921052631579
0
0
0.973684210526316
0.973684210526316
0.535361842105263
0.973684210526316
0.973684210526316
0.138980263157895
0
0.948190789473684
0.0106907894736842
0
0
0
0.973684210526316
0.612664473684211
0
0.388980263157895
0
0.120888157894737
0.0575657894736842
0
0
0
0.0337171052631579
0.946546052631579
0
0.782072368421053
0.573190789473684
0.101151315789474
0.973684210526316
0
0.378289473684211
0.972039473684211
0
0.046875
0
0.873355263157895
0
0.00904605263157895
0
0.664473684210526
0
0.377467105263158
0.920230263157895
0.719572368421053
0.0180921052631579
0.101151315789474
0.401315789473684
0
0
0.0230263157894737
0
0.0715460526315789
0
0.954769736842105
0
0.00740131578947368
0.173519736842105
0
0
0.973684210526316
0.638157894736842
0.824013157894737
0.973684210526316
0.973684210526316
0.973684210526316
0
0.00575657894736842
0
0
0.0238486842105263
0
0
0.0345394736842105
0.969572368421053
0
0.00411184210526316
0.0699013157894737
0.159539473684211
0
0.930098684210526
0
0.964638157894737
0.126644736842105
0
0
0.973684210526316
0.133223684210526
0.0213815789473684
0.439144736842105
0.00740131578947368
0
0.485197368421053
0.507401315789474
0.015625
0.0444078947368421
0.134868421052632
0.171875
0
0
0.0222039473684211
0
0.973684210526316
0
0.439967105263158
0.874177631578947
0.00986842105263158
0.0633223684210526
0.394736842105263
0.879111842105263
0
0
0
0.972039473684211
0
0.944078947368421
0.0419407894736842
0.651315789473684
0.0296052631578947
0.193256578947368
0.776315789473684
0.783717105263158
0.973684210526316
0.973684210526316
0
0.015625
0.347039473684211
0.753289473684211
0.350328947368421
0.657894736842105
0.207236842105263
0.973684210526316
0.0427631578947368
0.923519736842105
0
0
0
0
0.00575657894736842
0.779605263157895
0
0.0649671052631579
0
0
0.0921052631578947
0.587171052631579
0.528782894736842
0.973684210526316
0.774671052631579
0
0.661184210526316
0.0970394736842105
0
0.302631578947368
0
0.346217105263158
0
0.714638157894737
0.135690789473684
0.973684210526316
0
0.00904605263157895
0.805921052631579
0.0131578947368421
0.856907894736842
0.0205592105263158
0
0
0
0
0.962993421052632
0
0.0723684210526316
0
0
0.444078947368421
0.893914473684211
0
0
0
0.139802631578947
0.0452302631578947
0.0452302631578947
0
0.973684210526316
0
0.0131578947368421
0.973684210526316
0
0.960526315789474
0.736019736842105
0.0304276315789474
0.0608552631578947
0
0.00164473684210526
0.175164473684211
0.0279605263157895
0.217105263157895
0
0.470394736842105
0.0460526315789474
0.0115131578947368
0.949835526315789
0.337171052631579
0
0.0682565789473684
0.973684210526316
0
0.00575657894736842
0
0.973684210526316
0.755756578947368
0
0.529605263157895
0.973684210526316
0.0296052631578947
0
0
0.973684210526316
0.655427631578947
0
0
0
0.606907894736842
0
0.438322368421053
0.0131578947368421
0.0238486842105263
0.0180921052631579
0.238486842105263
0.102796052631579
0.953947368421053
0.175164473684211
0
0.231085526315789
0.434210526315789
0.954769736842105
0
0.973684210526316
0.0246710526315789
0.224506578947368
0.972861842105263
0.0378289473684211
0
0.875
0.09375
0.765625
0
0.710526315789474
0.248355263157895
0
0.802631578947368
0.913651315789474
0
0.970394736842105
0
0
0.920230263157895
0
0.00328947368421053
0.596217105263158
0.0106907894736842
0.592105263157895
0.356085526315789
0
0.925164473684211
0
0
0.113486842105263
0
0.703947368421053
0.705592105263158
0
0.717105263157895
0.973684210526316
0
0.902138157894737
0.0402960526315789
0.256578947368421
0
0.907072368421053
0.0419407894736842
0
0
0.608552631578947
0.638980263157895
0.935855263157895
0.356907894736842
0.472861842105263
0.0115131578947368
0.953125
0
0.405427631578947
0.973684210526316
0.965460526315789
0.616776315789474
0.00328947368421053
0.340460526315789
0
0
0.0164473684210526
0.973684210526316
0
0.660361842105263
0
0.762335526315789
0.0361842105263158
0.00493421052631579
0
0.409539473684211
0
0.973684210526316
0.972861842105263
0.921875
0
0.973684210526316
0.508223684210526
0.636513157894737
0.973684210526316
0.00904605263157895
0.973684210526316
0
0
0
0.127467105263158
0
0.973684210526316
0.0279605263157895
0.912828947368421
0
0.580592105263158
0.201480263157895
0
0
0.340460526315789
0
0.858552631578947
0.399671052631579
0.316611842105263
0.205592105263158
0
0
0.00411184210526316
0.973684210526316
0.0978618421052632
0.328947368421053
0.03125
0.0419407894736842
0.301809210526316
0
0.525493421052632
0
0
0.740131578947368
0
0.303453947368421
0.0995065789473684
0
0.0485197368421053
0
0.800164473684211
0.424342105263158
0.00657894736842105
0.0674342105263158
0.0353618421052632
0.973684210526316
0
0.973684210526316
0
0
0.9375
0.136513157894737
0.162006578947368
0
0.286184210526316
0
0.137335526315789
0.715460526315789
0
0.0501644736842105
0.401315789473684
0.973684210526316
0.956414473684211
0
0
0
0.949835526315789
0.00493421052631579
0.424342105263158
0.224506578947368
0.0953947368421053
0.893914473684211
0
0.0164473684210526
0.288651315789474
0.828947368421053
0.615131578947368
0.00164473684210526
0
0.944078947368421
0
0
0.412828947368421
0
0
0.973684210526316
0
0
0
0.858552631578947
0.973684210526316
0.973684210526316
0.970394736842105
0.973684210526316
0.680921052631579
0.00493421052631579
0.0444078947368421
0
0.0485197368421053
0
0.369243421052632
0.0633223684210526
0.856907894736842
0.971217105263158
0.973684210526316
0.945723684210526
0
0.00493421052631579
0.00246710526315789
0.00164473684210526
0.145559210526316
0.0106907894736842
0
0
0.973684210526316
0.381578947368421
0.763980263157895
0
0.830592105263158
0
0.78125
0.973684210526316
0
0.957236842105263
0.657894736842105
0.180098684210526
0.876644736842105
0
0.294407894736842
0.973684210526316
0.299342105263158
0.0600328947368421
0.311677631578947
0.965460526315789
0.0509868421052632
0.652138157894737
0.00164473684210526
0.0690789473684211
0.870888157894737
0.928453947368421
0.768092105263158
0.867598684210526
0
0.8125
0.0567434210526316
0.374177631578947
0
0.362664473684211
0.435032894736842
0
0.110197368421053
0
0.582236842105263
0.0189144736842105
0.0246710526315789
0.403782894736842
0.785361842105263
0.649671052631579
0.973684210526316
0
0.973684210526316
0
0.0246710526315789
0.0953947368421053
0.660361842105263
0.613486842105263
0.895559210526316
0
0.965460526315789
0
0.189967105263158
0
0.764802631578947
0.197368421052632
0.973684210526316
0
0.0394736842105263
0.0723684210526316
0.0213815789473684
0.0657894736842105
0
0.819078947368421
0.973684210526316
0
0.973684210526316
0
0.0246710526315789
0.880756578947368
0.873355263157895
0.973684210526316
0.4375
0
0.313322368421053
0
0.413651315789474
0.0411184210526316
0.148848684210526
0.657072368421053
0.973684210526316
0.0246710526315789
0.00657894736842105
0.657072368421053
0
0.000822368421052632
0.250822368421053
0.301809210526316
0.384046052631579
0.273848684210526
0
0.821546052631579
0
0.851973684210526
0.927631578947368
0
0.280427631578947
0.425986842105263
0.0172697368421053
0
0.309210526315789
0
0.971217105263158
0.0263157894736842
0
0.00904605263157895
0.263980263157895
0
0.973684210526316
0
0.514802631578947
0
0
0.943256578947368
0.000822368421052632
0.947368421052632
0.0361842105263158
0.0995065789473684
0
0.0394736842105263
0
0
0.967105263157895
0.770559210526316
0.194901315789474
0
0.123355263157895
0
0.0600328947368421
0.954769736842105
0
0
0
0
0.521381578947368
0
0
0.807565789473684
0.310855263157895
0
0
0.901315789473684
0.148026315789474
0.106907894736842
0.907894736842105
0.973684210526316
0.0542763157894737
0.321546052631579
0
0.435855263157895
0.173519736842105
0.925164473684211
0.425986842105263
0.0386513157894737
0.973684210526316
0
0
0.956414473684211
0
0.504111842105263
0.833059210526316
0
0
0.291940789473684
0
0.00328947368421053
0
0
0
0.250822368421053
0
0.876644736842105
0.973684210526316
0.604440789473684
0
0.0674342105263158
0.100328947368421
0.96875
0.358552631578947
0.971217105263158
0
0.973684210526316
0.973684210526316
0
0.908717105263158
0.832236842105263
0.0320723684210526
0.319078947368421
0.303453947368421
0.963815789473684
0.198190789473684
0.425164473684211
0.917763157894737
0.00822368421052632
0
0.133223684210526
0.973684210526316
0.472861842105263
0
0
0
0.153782894736842
0
0.0501644736842105
0.958881578947368
0.973684210526316
0
0
0
0.0756578947368421
0
0.295230263157895
0.939144736842105
0.529605263157895
