20070702,20070708,-0.06
20070709,20070715,-0.02
20070716,20070722,0.29
20070723,20070729,0.31
20070730,20070805,0.28
20070806,20070812,0.23
20070813,20070819,0.41
20070820,20070826,0.08
20070827,20070902,0.24
20070903,20070909,0.17
20070910,20070916,0.40
20070917,20070923,0.31
20070924,20070930,0.53
20071001,20071007,0.16
20071008,20071014,0.66
20071015,20071021,0.75
20071022,20071028,0.27
20071029,20071104,0.07
20071105,20071111,0.33
20071112,20071118,0.17
20071119,20071125,-0.08
20071126,20071202,0.07
20071203,20071209,0.13
20071210,20071216,-0.04
20071217,20071223,-0.02
20071224,20071230,0.26
20071231,20080106,0.29
20080107,20080113,0.09
20080114,20080120,-0.20
20080121,20080127,-0.18
20080128,20080203,-0.05
20080204,20080210,-0.28
20080211,20080217,-0.27
20080218,20080224,-0.03
20080225,20080302,0.02
20080303,20080309,0.01
20080310,20080316,0.01
20080317,20080323,-0.19
20080324,20080330,0.08
20080331,20080406,-0.50
20080407,20080413,-0.53
20080414,20080420,0.01
20080421,20080427,0.12
20080428,20080504,0.08
20080505,20080511,0.51
20080512,20080518,0.69
20080519,20080525,0.82
20080526,20080601,1.16
20080602,20080608,1.12
20080609,20080615,0.70
20080616,20080622,0.61
20080623,20080629,0.51
20080630,20080706,0.43
20080707,20080713,0.78
20080714,20080720,0.66
20080721,20080727,0.36
20080728,20080803,-0.05
20080804,20080810,-0.27
20080811,20080817,0.04
20080818,20080824,0.34
20080825,20080831,0.56
20080901,20080907,0.16
20080908,20080914,0.02
20080915,20080921,-0.10
20080922,20080928,0.07
20080929,20081005,0.20
20081006,20081012,0.66
20081013,20081019,0.40
20081020,20081026,-0.20
20081027,20081102,-0.03
20081103,20081109,0.16
20081110,20081116,0.09
20081117,20081123,-0.03
20081124,20081130,0.13
20081201,20081207,-0.10
20081208,20081214,0.08
20081215,20081221,-0.09
20081222,20081228,0.43
20081229,20090104,-0.02
20090105,20090111,-0.48
20090112,20090118,-0.42
20090119,20090125,-0.07
20090126,20090201,0.16
20090202,20090208,0.15
20090209,20090215,0.16
20090216,20090222,0.25
20090223,20090301,0.18
20090302,20090308,0.18
20090309,20090315,0.10
20090316,20090322,0.17
20090323,20090329,0.23
20090330,20090405,0.08
20090406,20090412,0.56
20090413,20090419,0.11
20090420,20090426,0.28
20090427,20090503,0.46
20090504,20090510,0.70
20090511,20090517,1.13
20090518,20090524,0.76
20090525,20090531,0.64
20090601,20090607,0.38
20090608,20090614,0.60
20090615,20090621,0.52
20090622,20090628,0.35
20090629,20090705,-0.26
20090706,20090712,-0.43
20090713,20090719,-0.57
20090720,20090726,0.06
20090727,20090802,-0.02
20090803,20090809,-0.14
20090810,20090816,-0.24
20090817,20090823,-0.16
20090824,20090830,-0.42
20090831,20090906,-0.44
20090907,20090913,-0.20
20090914,20090920,0.10
20090921,20090927,-0.03
20090928,20091004,-0.09
20091005,20091011,-0.11
20091012,20091018,0.11
20091019,20091025,0.13
20091026,20091101,0.23
20091102,20091108,0.17
20091109,20091115,-0.03
20091116,20091122,0.15
20091123,20091129,0.36
20091130,20091206,0.60
20091207,20091213,0.58
20091214,20091220,0.46
20091221,20091227,0.19
20091228,20100103,0.64
20100104,20100110,0.44
20100111,20100117,0.44
20100118,20100124,0.31
20100125,20100131,0.07
20100201,20100207,-0.24
20100208,20100214,0.02
20100215,20100221,0.06
20100222,20100228,0.26
20100301,20100307,0.32
20100308,20100314,0.30
20100315,20100321,0.39
20100322,20100328,0.57
20100329,20100404,0.59
20100405,20100411,0.58
20100412,20100418,0.82
20100419,20100425,0.49
20100426,20100502,0.42
20100503,20100509,0.50
20100510,20100516,0.20
20100517,20100523,0.39
20100524,20100530,0.12
20100531,20100606,0.71
20100607,20100613,0.31
20100614,20100620,0.12
20100621,20100627,0.35
20100628,20100704,0.24
20100705,20100711,-0.10
20100712,20100718,0.16
20100719,20100725,0.00
20100726,20100801,-0.21
20100802,20100808,-0.38
20100809,20100815,-0.04
20100816,20100822,-0.87
20100823,20100829,-0.90
20100830,20100905,-1.05
20100906,20100912,-0.66
20100913,20100919,-0.91
20100920,20100926,-0.98
20100927,20101003,-0.48
20101004,20101010,-1.15
20101011,20101017,-0.83
20101018,20101024,-0.54
20101025,20101031,0.04
20101101,20101107,0.04
20101108,20101114,-0.09
20101115,20101121,0.10
20101122,20101128,0.07
20101129,20101205,-0.07
20101206,20101212,0.27
20101213,20101219,0.04
20101220,20101226,0.32
20101227,20110102,0.02
20110103,20110109,0.09
20110110,20110116,0.05
20110117,20110123,-0.02
20110124,20110130,0.05
20110131,20110206,-0.11
20110207,20110213,0.01
20110214,20110220,-0.29
20110221,20110227,0.02
20110228,20110306,0.07
20110307,20110313,0.10
20110314,20110320,-0.18
20110321,20110327,-0.08
20110328,20110403,0.55
20110404,20110410,0.14
20110411,20110417,0.45
20110418,20110424,0.41
20110425,20110501,0.20
20110502,20110508,0.63
20110509,20110515,0.63
20110516,20110522,0.78
20110523,20110529,0.38
20110530,20110605,0.18
20110606,20110612,0.15
20110613,20110619,0.24
20110620,20110626,0.25
20110627,20110703,0.35
20110704,20110710,0.25
20110711,20110717,-0.11
20110718,20110724,-0.17
20110725,20110731,0.10
20110801,20110807,0.20
20110808,20110814,0.39
20110815,20110821,0.30
20110822,20110828,0.15
20110829,20110904,0.13
20110905,20110911,0.58
20110912,20110918,0.21
20110919,20110925,0.76
20110926,20111002,0.46
20111003,20111009,0.62
20111010,20111016,0.63
20111017,20111023,0.49
20111024,20111030,0.47
20111031,20111106,0.32
20111107,20111113,0.40
20111114,20111120,0.25
20111121,20111127,-0.01
20111128,20111204,0.31
20111205,20111211,0.01
20111212,20111218,0.05
20111219,20111225,0.46
20111226,20120101,0.19
20120102,20120108,0.36
20120109,20120115,-0.07
20120116,20120122,-0.14
20120123,20120129,-0.01
20120130,20120205,-0.32
20120206,20120212,-0.41
20120213,20120219,-0.23
