Date        West     East     DMI(=West-East)
1870:1:16:0 -0.307584 -0.0461699 -0.261414
1870:2:16:0 -0.433339 -0.274598 -0.158742
1870:3:16:0 0.00179841 -0.334084 0.335882
1870:4:16:0 0.106323 -0.0424931 0.148816
1870:5:16:0 -0.31396 -0.0499203 -0.26404
1870:6:16:0 -0.384032 -0.0570712 -0.326961
1870:7:16:0 -0.303814 0.024589 -0.328403
1870:8:16:0 -0.0821515 0.126762 -0.208914
1870:9:16:0 -0.250593 0.0802153 -0.330808
1870:10:16:0 -0.21817 0.0274194 -0.24559
1870:11:16:0 -0.147065 -0.0139007 -0.133164
1870:12:16:0 -0.200841 -0.057118 -0.143723
1871:1:16:0 -0.101202 -0.00766932 -0.0935326
1871:2:16:0 -0.129728 -0.142333 0.0126046
1871:3:16:0 -0.190043 -0.14796 -0.0420826
1871:4:16:0 -0.193147 -0.245951 0.0528044
1871:5:16:0 -0.278334 -0.377973 0.0996385
1871:6:16:0 -0.365146 -0.413065 0.0479184
1871:7:16:0 -0.235372 -0.114146 -0.121226
1871:8:16:0 -0.221378 -0.153743 -0.0676348
1871:9:16:0 -0.368977 -0.434501 0.0655243
1871:10:16:0 -0.464713 -0.325182 -0.139531
1871:11:16:0 -0.160776 -0.219121 0.0583456
1871:12:16:0 -0.242046 -0.242298 0.000252247
1872:1:16:0 -0.193377 -0.339837 0.14646
1872:2:16:0 -0.0830384 -0.297474 0.214436
1872:3:16:0 -0.132618 -0.224087 0.0914689
1872:4:16:0 -0.204011 -0.318697 0.114687
1872:5:16:0 -0.0292583 -0.0990012 0.0697429
1872:6:16:0 0.0219607 -0.0995403 0.121501
1872:7:16:0 -0.0884267 -0.114502 0.0260751
1872:8:16:0 -0.173128 -0.155392 -0.0177355
1872:9:16:0 -0.12769 -0.185649 0.0579594
1872:10:16:0 -0.0918251 -0.205259 0.113434
1872:11:16:0 0.100638 -0.0598077 0.160446
1872:12:16:0 -0.16938 -0.276704 0.107325
1873:1:16:0 -0.109998 -0.348318 0.238321
1873:2:16:0 -0.486219 -0.350062 -0.136157
1873:3:16:0 -0.605442 -0.378781 -0.226661
1873:4:16:0 -0.322828 -0.251001 -0.0718267
1873:5:16:0 -0.515917 -0.319262 -0.196655
1873:6:16:0 -0.570665 -0.202642 -0.368024
1873:7:16:0 -0.540078 -0.168471 -0.371607
1873:8:16:0 -0.541826 -0.0457186 -0.496108
1873:9:16:0 -0.225742 0.0691005 -0.294842
1873:10:16:0 -0.368301 -0.264226 -0.104075
1873:11:16:0 -0.290786 -0.20454 -0.0862451
1873:12:16:0 -0.385117 -0.307536 -0.0775813
1874:1:16:0 -0.155315 0.0430728 -0.198388
1874:2:16:0 -0.298915 -0.103337 -0.195578
1874:3:16:0 -0.209429 0.203175 -0.412604
1874:4:16:0 -0.421946 0.131578 -0.553524
1874:5:16:0 -0.385999 -0.169401 -0.216598
1874:6:16:0 -0.32346 -0.0744876 -0.248972
1874:7:16:0 -0.0504183 -0.0251689 -0.0252494
1874:8:16:0 -0.431659 -0.387226 -0.0444323
1874:9:16:0 -0.44078 -0.030218 -0.410562
1874:10:16:0 -0.765954 -0.0101174 -0.755837
1874:11:16:0 -0.701906 -0.369287 -0.332619
1874:12:16:0 -0.619956 -0.0645598 -0.555397
1875:1:16:0 -0.333864 -0.0782066 -0.255658
1875:2:16:0 -0.292491 -0.292114 -0.000376344
1875:3:16:0 -0.27884 -0.356434 0.0775942
1875:4:16:0 -0.287464 -0.524794 0.237329
1875:5:16:0 -0.0849672 -0.169599 0.0846316
1875:6:16:0 -0.29432 -0.410996 0.116676
1875:7:16:0 -0.565709 -0.371942 -0.193767
1875:8:16:0 -0.364118 -0.421457 0.0573391
1875:9:16:0 -0.347915 -0.35327 0.00535485
1875:10:16:0 -0.289771 -0.0237666 -0.266004
1875:11:16:0 -0.297315 0.323172 -0.620487
1875:12:16:0 -0.51542 -0.28618 -0.22924
1876:1:16:0 -0.541101 -0.361621 -0.17948
1876:2:16:0 -0.537254 -0.212908 -0.324346
1876:3:16:0 -0.303427 -0.0624594 -0.240968
1876:4:16:0 -0.34757 -0.0719235 -0.275646
1876:5:16:0 -0.367661 -0.120738 -0.246923
1876:6:16:0 -0.633515 -0.419472 -0.214043
1876:7:16:0 -0.485239 -0.405708 -0.0795312
1876:8:16:0 -0.359432 -0.402646 0.0432144
1876:9:16:0 -0.371803 -0.667901 0.296098
1876:10:16:0 -0.422742 -0.587914 0.165172
1876:11:16:0 -0.558735 -0.473158 -0.0855771
1876:12:16:0 -0.489275 -0.422277 -0.0669981
1877:1:16:0 -0.413768 -0.28332 -0.130448
1877:2:16:0 0.055183 -0.482591 0.537774
1877:3:16:0 0.0182026 -0.274053 0.292255
1877:4:16:0 -0.290852 -0.195783 -0.0950687
1877:5:16:0 -0.453491 0.0126933 -0.466184
1877:6:16:0 -0.133338 0.151713 -0.285051
1877:7:16:0 0.0163733 0.288874 -0.272501
1877:8:16:0 0.160774 -0.354299 0.515073
1877:9:16:0 0.478247 -0.418265 0.896512
1877:10:16:0 0.411057 -0.379266 0.790323
1877:11:16:0 0.3833 -0.430124 0.813424
1877:12:16:0 0.410127 0.0356413 0.374486
1878:1:16:0 0.450023 0.529294 -0.0792715
1878:2:16:0 0.622493 0.843175 -0.220682
1878:3:16:0 0.608383 0.465257 0.143126
1878:4:16:0 0.549855 0.439066 0.110788
1878:5:16:0 0.359979 0.50165 -0.141671
1878:6:16:0 0.363185 0.4633 -0.100115
1878:7:16:0 0.335529 0.398191 -0.0626612
1878:8:16:0 0.251372 0.225626 0.0257464
1878:9:16:0 0.0488476 -0.124146 0.172994
1878:10:16:0 0.00304598 0.292968 -0.289922
1878:11:16:0 -0.195528 -0.00892103 -0.186607
1878:12:16:0 -0.0998612 0.136059 -0.23592
1879:1:16:0 -0.0957502 0.138949 -0.234699
1879:2:16:0 -0.211901 0.0148991 -0.2268
1879:3:16:0 -0.176848 0.103486 -0.280334
1879:4:16:0 -0.356278 -0.016951 -0.339327
1879:5:16:0 -0.289552 -0.00167828 -0.287874
1879:6:16:0 -0.134866 -0.0668433 -0.0680229
1879:7:16:0 -0.0960761 -0.0519398 -0.0441363
1879:8:16:0 -0.379253 -0.0496416 -0.329611
1879:9:16:0 -0.311667 -0.108683 -0.202984
1879:10:16:0 -0.53301 -0.140412 -0.392598
1879:11:16:0 -0.710223 -0.226073 -0.48415
1879:12:16:0 -0.670793 -0.299292 -0.3715
1880:1:16:0 -0.64844 -0.380609 -0.267831
1880:2:16:0 -0.302105 -0.229589 -0.0725164
1880:3:16:0 -0.246685 -0.0909491 -0.155736
1880:4:16:0 -0.0671601 -0.266677 0.199516
1880:5:16:0 -0.318537 -0.399153 0.0806158
1880:6:16:0 -0.491636 -0.402121 -0.0895149
1880:7:16:0 -0.291102 -0.0826084 -0.208494
1880:8:16:0 -0.0929969 0.183056 -0.276053
1880:9:16:0 -0.221609 -0.0542719 -0.167337
1880:10:16:0 -0.355967 0.00565065 -0.361618
1880:11:16:0 -0.166407 0.109397 -0.275804
1880:12:16:0 -0.177256 -0.0646346 -0.112622
1881:1:16:0 -0.313044 -0.33841 0.0253664
1881:2:16:0 -0.320452 -0.00175109 -0.318701
1881:3:16:0 0.0193589 0.201401 -0.182042
1881:4:16:0 0.0438932 0.302337 -0.258444
1881:5:16:0 0.244478 0.164875 0.079603
1881:6:16:0 0.187163 -0.193319 0.380482
1881:7:16:0 0.286342 0.10007 0.186272
1881:8:16:0 0.269044 0.0441857 0.224858
1881:9:16:0 0.0971077 0.015629 0.0814787
1881:10:16:0 -0.0345351 0.0325968 -0.0671319
1881:11:16:0 -0.161064 -0.0683712 -0.0926933
1881:12:16:0 -0.194404 0.0671433 -0.261547
1882:1:16:0 -0.132239 0.23679 -0.36903
1882:2:16:0 -0.131863 0.349729 -0.481592
1882:3:16:0 -0.041082 -0.0583059 0.0172239
1882:4:16:0 0.0367378 -0.0171105 0.0538483
1882:5:16:0 -0.0496798 -0.193399 0.143719
1882:6:16:0 -0.228395 -0.364371 0.135976
1882:7:16:0 -0.176944 -0.261808 0.0848644
1882:8:16:0 -0.208564 -0.0161365 -0.192427
1882:9:16:0 -0.213126 0.0412402 -0.254366
1882:10:16:0 -0.18559 -0.0599274 -0.125662
1882:11:16:0 -0.375936 -0.277823 -0.0981128
1882:12:16:0 -0.539611 -0.349027 -0.190584
1883:1:16:0 -0.1993 0.318196 -0.517496
1883:2:16:0 -0.0674102 -0.0433835 -0.0240267
1883:3:16:0 -0.283485 -0.147532 -0.135953
1883:4:16:0 -0.26094 -0.341177 0.0802361
1883:5:16:0 -0.223469 -0.244084 0.0206154
1883:6:16:0 0.172775 0.0480951 0.12468
1883:7:16:0 0.0306747 -0.00520379 0.0358784
1883:8:16:0 -0.173838 -0.3505 0.176663
1883:9:16:0 -0.346674 -0.228854 -0.11782
1883:10:16:0 -0.362722 -0.388184 0.0254622
1883:11:16:0 -0.372407 -0.291712 -0.0806954
1883:12:16:0 -0.561975 -0.468723 -0.0932519
1884:1:16:0 -0.609634 -0.392254 -0.217381
1884:2:16:0 -0.350894 -0.355872 0.00497821
1884:3:16:0 -0.282724 -0.13242 -0.150305
1884:4:16:0 -0.0435356 -0.321192 0.277656
1884:5:16:0 0.120341 -0.340688 0.461028
1884:6:16:0 -0.272788 -0.283905 0.011117
1884:7:16:0 0.0976454 -0.21072 0.308366
1884:8:16:0 0.0725334 0.0777016 -0.00516814
1884:9:16:0 0.0542454 0.139691 -0.0854454
1884:10:16:0 -0.0361982 -0.0604962 0.0242981
1884:11:16:0 -0.245844 -0.0449961 -0.200848
1884:12:16:0 -0.205849 -0.0207016 -0.185147
1885:1:16:0 -0.228481 0.0556815 -0.284163
1885:2:16:0 -0.282471 -0.386698 0.104227
1885:3:16:0 -0.231878 -0.226043 -0.00583574
1885:4:16:0 -0.240431 -0.234022 -0.00640987
1885:5:16:0 -0.257203 -0.267627 0.0104239
1885:6:16:0 -0.440138 -0.524048 0.0839095
1885:7:16:0 -0.44464 -0.542834 0.0981941
1885:8:16:0 -0.320218 -0.399926 0.079708
1885:9:16:0 -0.180969 -0.223092 0.0421222
1885:10:16:0 -0.169162 -0.323349 0.154187
1885:11:16:0 -0.208231 -0.00492312 -0.203308
1885:12:16:0 -0.163626 0.00233091 -0.165957
1886:1:16:0 -0.173167 0.25338 -0.426547
1886:2:16:0 -0.361165 0.21701 -0.578176
1886:3:16:0 0.0196356 0.311843 -0.292207
1886:4:16:0 0.112511 0.189399 -0.0768888
1886:5:16:0 -0.165651 0.0596002 -0.225251
1886:6:16:0 -0.335022 -0.193625 -0.141397
1886:7:16:0 -0.502777 -0.0942988 -0.408478
1886:8:16:0 -0.437946 0.168535 -0.60648
1886:9:16:0 -0.526252 0.0618544 -0.588106
1886:10:16:0 -0.611167 -0.109902 -0.501265
1886:11:16:0 -0.537607 -0.128013 -0.409594
1886:12:16:0 -0.723798 -0.399767 -0.324031
1887:1:16:0 -0.464588 -0.190015 -0.274573
1887:2:16:0 -0.426044 -0.228929 -0.197115
1887:3:16:0 -0.344933 -0.238713 -0.10622
1887:4:16:0 -0.486195 -0.433944 -0.0522507
1887:5:16:0 -0.526118 -0.465537 -0.0605807
1887:6:16:0 -0.457632 -0.505368 0.0477359
1887:7:16:0 -0.277801 -0.366223 0.0884218
1887:8:16:0 -0.151709 -0.443109 0.2914
1887:9:16:0 -0.57276 -0.674914 0.102154
1887:10:16:0 -0.425952 -0.301017 -0.124935
1887:11:16:0 -0.352857 -0.340848 -0.0120085
1887:12:16:0 -0.484599 -0.421076 -0.0635239
1888:1:16:0 -0.655714 -0.502231 -0.153483
1888:2:16:0 -0.500877 -0.0799378 -0.420939
1888:3:16:0 -0.521423 0.0367297 -0.558152
1888:4:16:0 -0.5118 0.137137 -0.648937
1888:5:16:0 -0.201974 0.0764303 -0.278405
1888:6:16:0 -0.336086 -0.1238 -0.212286
1888:7:16:0 -0.324822 -0.18793 -0.136892
1888:8:16:0 -0.0662516 -0.00296112 -0.0632905
1888:9:16:0 -0.259299 -0.126853 -0.132445
1888:10:16:0 0.0221896 0.0739992 -0.0518096
1888:11:16:0 -0.124481 0.163413 -0.287895
1888:12:16:0 -0.105872 0.117824 -0.223697
1889:1:16:0 -0.153635 0.332529 -0.486164
1889:2:16:0 0.0678295 0.134309 -0.0664796
1889:3:16:0 -0.0676223 0.423538 -0.49116
1889:4:16:0 -0.280029 0.339036 -0.619065
1889:5:16:0 -0.112697 0.328417 -0.441114
1889:6:16:0 -0.278474 0.0663543 -0.344828
1889:7:16:0 -0.160744 0.035158 -0.195902
1889:8:16:0 -0.24522 0.104728 -0.349948
1889:9:16:0 -0.365284 0.156511 -0.521795
1889:10:16:0 -0.670451 0.0751344 -0.745585
1889:11:16:0 -0.67187 -0.0851766 -0.586693
1889:12:16:0 -0.534819 -0.366118 -0.168701
1890:1:16:0 -0.511239 -0.603361 0.0921229
1890:2:16:0 -0.44124 -0.567535 0.126295
1890:3:16:0 -0.25104 -0.214939 -0.0361013
1890:4:16:0 -0.409265 -0.39675 -0.0125148
1890:5:16:0 -0.607377 -0.489486 -0.117891
1890:6:16:0 -0.854349 -0.305841 -0.548508
1890:7:16:0 -0.92522 -0.334115 -0.591105
1890:8:16:0 -0.919617 -0.535457 -0.38416
1890:9:16:0 -1.0346 -0.357449 -0.677148
1890:10:16:0 -0.953899 -0.185343 -0.768556
1890:11:16:0 -0.953916 -0.330629 -0.623287
1890:12:16:0 -0.66287 -0.323457 -0.339413
1891:1:16:0 -0.495805 -0.370374 -0.125431
1891:2:16:0 -0.470712 -0.0762215 -0.394491
1891:3:16:0 -0.406055 0.0413697 -0.447424
1891:4:16:0 -0.243144 -0.149352 -0.0937922
1891:5:16:0 -0.3523 -0.241103 -0.111198
1891:6:16:0 -0.233702 -0.344172 0.11047
1891:7:16:0 -0.487868 -0.503741 0.0158729
1891:8:16:0 -0.340238 -0.635475 0.295237
1891:9:16:0 -0.28022 -0.59606 0.315841
1891:10:16:0 -0.267866 -0.535806 0.26794
1891:11:16:0 -0.275541 -0.414206 0.138664
1891:12:16:0 -0.113974 -0.401558 0.287584
1892:1:16:0 -0.160035 -0.10404 -0.055995
1892:2:16:0 -0.0115556 0.126735 -0.138291
1892:3:16:0 -0.175658 -0.14312 -0.0325383
1892:4:16:0 -0.233638 -0.118801 -0.114837
1892:5:16:0 -0.074197 -0.0151424 -0.0590547
1892:6:16:0 -0.0948888 0.177935 -0.272823
1892:7:16:0 -0.516843 -0.187409 -0.329434
1892:8:16:0 -0.672284 0.0602257 -0.73251
1892:9:16:0 -0.560894 0.217104 -0.777999
1892:10:16:0 -0.740728 -0.313192 -0.427537
1892:11:16:0 -0.693061 -0.520723 -0.172337
1892:12:16:0 -0.803066 -0.538736 -0.264331
1893:1:16:0 -0.758742 -0.506288 -0.252454
1893:2:16:0 -0.739282 -0.466481 -0.2728
1893:3:16:0 -0.364368 -0.124945 -0.239423
1893:4:16:0 -0.540534 -0.163473 -0.377061
1893:5:16:0 -0.555099 -0.262887 -0.292212
1893:6:16:0 -0.554215 -0.250959 -0.303256
1893:7:16:0 -0.360545 -0.12967 -0.230875
1893:8:16:0 -0.493463 -0.0505229 -0.44294
1893:9:16:0 -0.43599 -0.145584 -0.290406
1893:10:16:0 -0.517236 -0.119405 -0.397831
1893:11:16:0 -0.549179 -0.317786 -0.231393
1893:12:16:0 -0.472503 -0.34049 -0.132014
1894:1:16:0 -0.401365 -0.516863 0.115498
1894:2:16:0 -0.351468 -0.279758 -0.0717099
1894:3:16:0 -0.3799 -0.286122 -0.0937781
1894:4:16:0 -0.338062 -0.224651 -0.113411
1894:5:16:0 -0.457771 -0.466969 0.00919873
1894:6:16:0 -0.456634 -0.577546 0.120912
1894:7:16:0 -0.438196 -0.579009 0.140813
1894:8:16:0 -0.375281 -0.803287 0.428006
1894:9:16:0 -0.517982 -0.580031 0.0620496
1894:10:16:0 -0.483377 -0.533115 0.0497383
1894:11:16:0 -0.500812 -0.490841 -0.00997096
1894:12:16:0 -0.394206 -0.372341 -0.021865
1895:1:16:0 -0.412415 -0.410506 -0.0019086
1895:2:16:0 -0.268387 -0.39431 0.125924
1895:3:16:0 -0.267864 -0.321947 0.0540837
1895:4:16:0 -0.330828 -0.350656 0.0198276
1895:5:16:0 -0.330308 -0.398686 0.0683783
1895:6:16:0 -0.255058 -0.350354 0.0952962
1895:7:16:0 -0.394335 -0.302701 -0.0916343
1895:8:16:0 -0.0817863 -0.308747 0.226961
1895:9:16:0 -0.148424 -0.232148 0.0837235
1895:10:16:0 -0.0957856 -0.315729 0.219943
1895:11:16:0 -0.184158 0.0379273 -0.222085
1895:12:16:0 -0.25719 -0.118055 -0.139134
1896:1:16:0 -0.117519 0.07441 -0.191929
1896:2:16:0 -0.22495 0.16533 -0.390281
1896:3:16:0 -0.232829 0.155668 -0.388497
1896:4:16:0 -0.0639469 0.0199829 -0.0839297
1896:5:16:0 0.00402342 -0.00711172 0.0111351
1896:6:16:0 0.00814947 -0.0543922 0.0625417
1896:7:16:0 -0.0123621 -0.227539 0.215177
1896:8:16:0 -0.112155 -0.275953 0.163798
1896:9:16:0 -0.0354358 -0.405799 0.370364
1896:10:16:0 0.0588135 -0.610321 0.669134
1896:11:16:0 -0.126333 -0.424282 0.29795
1896:12:16:0 0.172082 -0.142374 0.314456
1897:1:16:0 0.0821352 0.0920895 -0.00995429
1897:2:16:0 0.112034 0.244877 -0.132843
1897:3:16:0 0.1219 0.238446 -0.116546
1897:4:16:0 0.0349526 0.0119788 0.0229738
1897:5:16:0 -0.0702453 -0.11126 0.0410143
1897:6:16:0 -0.0829997 -0.0472969 -0.0357027
1897:7:16:0 0.187113 0.11948 0.067633
1897:8:16:0 0.267976 0.195035 0.0729406
1897:9:16:0 -0.0125527 0.156805 -0.169358
1897:10:16:0 -0.235834 0.494231 -0.730065
1897:11:16:0 -0.495551 0.128079 -0.62363
1897:12:16:0 -0.378199 0.130929 -0.509128
1898:1:16:0 -0.410059 -0.0518292 -0.358229
1898:2:16:0 -0.398663 -0.142604 -0.256059
1898:3:16:0 -0.541231 -0.380159 -0.161072
1898:4:16:0 -0.351985 -0.181173 -0.170812
1898:5:16:0 -0.38865 -0.125952 -0.262698
1898:6:16:0 -0.431266 -0.219451 -0.211816
1898:7:16:0 -0.392496 0.0936362 -0.486133
1898:8:16:0 -0.466397 0.0387336 -0.505131
1898:9:16:0 -0.457206 0.0370309 -0.494237
1898:10:16:0 -0.439883 0.0875003 -0.527384
1898:11:16:0 -0.55273 -0.171729 -0.381001
1898:12:16:0 -0.542634 -0.304421 -0.238213
1899:1:16:0 -0.695423 -0.472453 -0.22297
1899:2:16:0 -0.6466 -0.544704 -0.101896
1899:3:16:0 -0.56515 -0.564196 -0.000953436
1899:4:16:0 -0.443982 -0.512725 0.0687438
1899:5:16:0 -0.317241 -0.447359 0.130118
1899:6:16:0 -0.517201 -0.354803 -0.162398
1899:7:16:0 -0.472371 -0.225282 -0.247089
1899:8:16:0 -0.425138 -0.288578 -0.136561
1899:9:16:0 -0.778578 -0.251597 -0.526981
1899:10:16:0 -0.220235 -0.178432 -0.0418022
1899:11:16:0 -0.337754 -0.172123 -0.165631
1899:12:16:0 -0.377539 0.134454 -0.511993
1900:1:16:0 -0.196019 0.0869456 -0.282965
1900:2:16:0 0.075232 0.188588 -0.113356
1900:3:16:0 -0.135982 0.160265 -0.296247
1900:4:16:0 0.0701353 0.190408 -0.120273
1900:5:16:0 0.0459879 -0.0146192 0.060607
1900:6:16:0 0.0465158 -0.1234 0.169916
1900:7:16:0 -0.0336954 -0.0338974 0.000202082
1900:8:16:0 -0.174223 0.00639389 -0.180617
1900:9:16:0 -0.124414 0.0212211 -0.145636
1900:10:16:0 -0.203992 -0.158883 -0.0451093
1900:11:16:0 -0.0834336 -0.156323 0.0728893
1900:12:16:0 -0.132375 0.272822 -0.405197
1901:1:16:0 -0.0552256 0.298526 -0.353751
1901:2:16:0 -0.497102 0.182209 -0.679311
1901:3:16:0 -0.455855 0.0979099 -0.553765
1901:4:16:0 -0.265516 0.0510633 -0.316579
1901:5:16:0 -0.2988 0.0321793 -0.33098
1901:6:16:0 -0.481373 -0.0831591 -0.398214
1901:7:16:0 -0.64455 -0.253915 -0.390636
1901:8:16:0 -0.569599 -0.0462426 -0.523356
1901:9:16:0 -0.799399 -0.166915 -0.632484
1901:10:16:0 -0.499166 -0.114012 -0.385154
1901:11:16:0 -0.559719 -0.0991969 -0.460522
1901:12:16:0 -0.479503 -0.0390658 -0.440438
1902:1:16:0 -0.32786 -0.0557257 -0.272135
1902:2:16:0 -0.268194 -0.00823846 -0.259956
1902:3:16:0 -0.288337 -0.22132 -0.0670163
1902:4:16:0 -0.100957 -0.35609 0.255132
1902:5:16:0 -0.191756 -0.361814 0.170057
1902:6:16:0 -0.106577 -0.227051 0.120474
1902:7:16:0 -0.198778 -0.441292 0.242514
1902:8:16:0 0.000403791 -0.631388 0.631792
1902:9:16:0 -0.122492 -0.712649 0.590157
1902:10:16:0 -0.108643 -0.25038 0.141737
1902:11:16:0 -0.247537 -0.465706 0.218169
1902:12:16:0 -0.205823 -0.163669 -0.042154
1903:1:16:0 -0.286931 0.00694907 -0.29388
1903:2:16:0 -0.307809 0.073754 -0.381563
1903:3:16:0 -0.276785 -0.0748038 -0.201981
1903:4:16:0 -0.398101 0.025211 -0.423312
1903:5:16:0 -0.271473 -0.229385 -0.0420877
1903:6:16:0 -0.161316 -0.0416108 -0.119705
1903:7:16:0 -0.354876 -0.0642596 -0.290616
1903:8:16:0 -0.211977 -0.0717917 -0.140185
1903:9:16:0 -0.38165 -0.0884637 -0.293186
1903:10:16:0 -0.690032 -0.0448091 -0.645223
1903:11:16:0 -0.676041 -0.325221 -0.35082
1903:12:16:0 -0.547315 -0.344612 -0.202703
1904:1:16:0 -0.679504 -0.649199 -0.0303053
1904:2:16:0 -0.404768 -0.362623 -0.0421449
1904:3:16:0 -0.50017 -0.453328 -0.0468419
1904:4:16:0 -0.461458 -0.63662 0.175162
1904:5:16:0 -0.466799 -0.431774 -0.0350246
1904:6:16:0 -0.386516 -0.319001 -0.0675144
1904:7:16:0 -0.273344 -0.313199 0.0398549
1904:8:16:0 -0.388038 -0.281394 -0.106644
1904:9:16:0 -0.47789 -0.192093 -0.285798
1904:10:16:0 -0.2231 -0.369292 0.146192
1904:11:16:0 -0.351186 -0.278243 -0.0729433
1904:12:16:0 -0.460999 -0.0544582 -0.406541
1905:1:16:0 -0.464841 -0.0585328 -0.406308
1905:2:16:0 -0.217869 -0.0321944 -0.185675
1905:3:16:0 -0.228278 0.0764815 -0.30476
1905:4:16:0 -0.533756 -0.270344 -0.263412
1905:5:16:0 -0.312632 -0.335756 0.0231245
1905:6:16:0 -0.127042 0.106967 -0.234009
1905:7:16:0 -0.175447 -0.225092 0.0496453
1905:8:16:0 -0.255646 -0.336129 0.0804837
1905:9:16:0 -0.00732639 -0.417336 0.41001
1905:10:16:0 -0.239587 -0.151069 -0.0885176
1905:11:16:0 -0.160122 0.0112365 -0.171358
1905:12:16:0 -0.114881 0.216535 -0.331416
1906:1:16:0 -0.200214 0.213408 -0.413622
1906:2:16:0 0.0447578 0.344605 -0.299847
1906:3:16:0 -0.199627 0.142663 -0.34229
1906:4:16:0 -0.378821 0.20252 -0.581342
1906:5:16:0 -0.18659 0.00977061 -0.19636
1906:6:16:0 -0.153037 0.0157086 -0.168746
1906:7:16:0 -0.537844 0.128033 -0.665878
1906:8:16:0 -0.495985 0.272835 -0.76882
1906:9:16:0 -0.761429 0.46449 -1.22592
1906:10:16:0 -0.497415 0.119304 -0.616719
1906:11:16:0 -0.616024 -0.0986944 -0.51733
1906:12:16:0 -0.519663 -0.407271 -0.112392
1907:1:16:0 -0.220532 -0.0420585 -0.178474
1907:2:16:0 -0.205595 -0.209281 0.0036861
1907:3:16:0 -0.240469 -0.362152 0.121684
1907:4:16:0 -0.20452 -0.0399186 -0.164601
1907:5:16:0 -0.402294 -0.320309 -0.0819847
1907:6:16:0 -0.520585 -0.391156 -0.129429
1907:7:16:0 -0.553665 -0.272286 -0.281379
1907:8:16:0 -0.816957 -0.186605 -0.630352
1907:9:16:0 -0.32823 -0.194688 -0.133542
1907:10:16:0 -0.28506 -0.261685 -0.0233753
1907:11:16:0 -0.295505 -0.183401 -0.112104
1907:12:16:0 -0.189489 -0.198605 0.00911634
1908:1:16:0 -0.239129 -0.0333446 -0.205784
1908:2:16:0 -0.241737 -0.0812475 -0.16049
1908:3:16:0 -0.463795 -0.375679 -0.0881158
1908:4:16:0 -0.550977 0.0318393 -0.582816
1908:5:16:0 -0.244863 -0.233421 -0.0114423
1908:6:16:0 -0.0357802 -0.289109 0.253328
1908:7:16:0 -0.421567 -0.146398 -0.275169
1908:8:16:0 -0.18737 -0.0315476 -0.155823
1908:9:16:0 -0.303979 -0.370588 0.0666094
1908:10:16:0 -0.220943 -0.136826 -0.0841168
1908:11:16:0 -0.342417 -0.117991 -0.224426
1908:12:16:0 -0.57762 -0.230335 -0.347285
1909:1:16:0 -0.535821 6.43404e-05 -0.535885
1909:2:16:0 -0.468545 -0.165118 -0.303427
1909:3:16:0 -0.426518 -0.049871 -0.376647
1909:4:16:0 -0.286062 -0.0482223 -0.23784
1909:5:16:0 -0.554448 0.0195725 -0.57402
1909:6:16:0 -0.68544 0.0102102 -0.69565
1909:7:16:0 -0.643607 0.0605246 -0.704132
1909:8:16:0 -0.633573 0.0482194 -0.681793
1909:9:16:0 -0.463396 0.0609327 -0.524329
1909:10:16:0 -0.42956 -0.0912699 -0.33829
1909:11:16:0 -0.323281 -0.183761 -0.13952
1909:12:16:0 -0.217394 -0.200998 -0.0163964
1910:1:16:0 -0.335599 0.0274464 -0.363045
1910:2:16:0 -0.423838 -0.437944 0.0141062
1910:3:16:0 -0.519395 -0.195529 -0.323867
1910:4:16:0 -0.689727 -0.504951 -0.184776
1910:5:16:0 -0.571696 -0.266368 -0.305328
1910:6:16:0 -0.442089 -0.200034 -0.242054
1910:7:16:0 -0.580644 0.129951 -0.710595
1910:8:16:0 -0.632507 -0.124648 -0.507859
1910:9:16:0 -0.643437 -0.0185042 -0.624933
1910:10:16:0 -0.648339 0.0051697 -0.653509
1910:11:16:0 -0.668296 -0.267507 -0.400789
1910:12:16:0 -0.464429 -0.406728 -0.0577015
1911:1:16:0 -0.167307 -0.172338 0.00503035
1911:2:16:0 -0.519609 -0.213954 -0.305655
1911:3:16:0 -0.308581 0.253653 -0.562235
1911:4:16:0 -0.578527 -0.0402146 -0.538312
1911:5:16:0 -0.322225 -0.110816 -0.211408
1911:6:16:0 -0.667353 -0.0701655 -0.597187
1911:7:16:0 -0.59572 -0.147071 -0.44865
1911:8:16:0 -0.356597 -0.0708027 -0.285795
1911:9:16:0 -0.406519 -0.256364 -0.150156
1911:10:16:0 -0.434882 -0.159369 -0.275513
1911:11:16:0 -0.236799 -0.272809 0.0360102
1911:12:16:0 -0.18896 -0.265197 0.0762366
1912:1:16:0 -0.179957 -0.103026 -0.0769311
1912:2:16:0 -0.173176 -0.0579459 -0.11523
1912:3:16:0 -0.22127 -0.327389 0.106119
1912:4:16:0 -0.0415191 0.0194926 -0.0610117
1912:5:16:0 -0.141696 -0.295118 0.153422
1912:6:16:0 0.00163396 -0.210478 0.212112
1912:7:16:0 -0.320665 0.0289691 -0.349634
1912:8:16:0 -0.276324 0.186056 -0.462379
1912:9:16:0 -0.223799 0.109653 -0.333452
1912:10:16:0 -0.24683 -0.0317794 -0.215051
1912:11:16:0 -0.457398 0.000902839 -0.458301
1912:12:16:0 -0.463257 -0.198397 -0.264859
1913:1:16:0 -0.33055 -0.279396 -0.051154
1913:2:16:0 0.0103851 -0.0402179 0.0506029
1913:3:16:0 -0.410618 -0.436296 0.025678
1913:4:16:0 -0.462331 -0.392453 -0.0698785
1913:5:16:0 -0.32185 -0.352413 0.0305628
1913:6:16:0 -0.231728 -0.544138 0.31241
1913:7:16:0 -0.479249 -0.452364 -0.0268846
1913:8:16:0 -0.598036 -0.417206 -0.18083
1913:9:16:0 -0.356235 -0.277587 -0.0786479
1913:10:16:0 -0.22883 -0.477125 0.248294
1913:11:16:0 -0.145204 -0.171004 0.0257995
1913:12:16:0 -0.117044 -0.0936932 -0.0233511
1914:1:16:0 -0.144816 -0.0440926 -0.100723
1914:2:16:0 0.0522825 0.0425435 0.00973905
1914:3:16:0 -0.15179 0.0326849 -0.184475
1914:4:16:0 -0.138633 -0.100262 -0.0383717
1914:5:16:0 -0.0807686 -0.195668 0.1149
1914:6:16:0 0.433551 -0.32254 0.75609
1914:7:16:0 0.328508 -0.070895 0.399403
1914:8:16:0 0.120187 -0.146116 0.266303
1914:9:16:0 -0.0803607 -0.402951 0.32259
1914:10:16:0 0.103665 -0.217225 0.320891
1914:11:16:0 -0.0555794 0.236153 -0.291732
1914:12:16:0 -0.300226 0.179768 -0.479994
1915:1:16:0 -0.349448 0.0934298 -0.442878
1915:2:16:0 -0.33684 0.168028 -0.504869
1915:3:16:0 -0.146242 0.0864582 -0.2327
1915:4:16:0 0.105489 0.191923 -0.0864334
1915:5:16:0 -0.0364761 0.235913 -0.272389
1915:6:16:0 0.283016 0.264418 0.0185976
1915:7:16:0 -0.0632174 0.322097 -0.385314
1915:8:16:0 -0.0996905 0.0333665 -0.133057
1915:9:16:0 0.143592 0.128896 0.0146969
1915:10:16:0 -0.000338857 -0.0702967 0.0699578
1915:11:16:0 0.00619519 -0.0392845 0.0454797
1915:12:16:0 -0.0245878 -0.231405 0.206817
1916:1:16:0 -0.317103 -0.373363 0.05626
1916:2:16:0 -0.253403 -0.408665 0.155262
1916:3:16:0 -0.159295 -0.390623 0.231328
1916:4:16:0 0.0171688 -0.31626 0.333428
1916:5:16:0 -0.187966 -0.252942 0.0649763
1916:6:16:0 -0.190996 -0.00754924 -0.183446
1916:7:16:0 -0.359448 0.00533148 -0.36478
1916:8:16:0 -0.343538 0.195623 -0.539161
1916:9:16:0 -0.477631 0.382989 -0.86062
1916:10:16:0 -0.534565 0.0360135 -0.570579
1916:11:16:0 -0.764789 -0.329253 -0.435536
1916:12:16:0 -0.454478 -0.405788 -0.0486897
1917:1:16:0 -0.432102 -0.590034 0.157933
1917:2:16:0 -0.394838 -0.527634 0.132796
1917:3:16:0 -0.6198 -0.702832 0.0830325
1917:4:16:0 -0.427127 -0.391701 -0.0354258
1917:5:16:0 -0.554734 -0.37589 -0.178844
1917:6:16:0 -0.339206 -0.215466 -0.12374
1917:7:16:0 -0.233783 0.0369639 -0.270747
1917:8:16:0 -0.0449796 0.0791766 -0.124156
1917:9:16:0 -0.148305 0.321664 -0.469968
1917:10:16:0 -0.542208 0.12866 -0.670869
1917:11:16:0 -0.70785 -0.0959325 -0.611918
1917:12:16:0 -0.793153 -0.359192 -0.433961
1918:1:16:0 -0.593574 -0.791162 0.197588
1918:2:16:0 -0.655871 -0.97755 0.32168
1918:3:16:0 -0.507762 -0.78233 0.274568
1918:4:16:0 -0.599533 -0.510697 -0.0888362
1918:5:16:0 -0.542497 -0.344409 -0.198089
1918:6:16:0 -0.360717 -0.377026 0.0163094
1918:7:16:0 -0.159197 -0.346089 0.186892
1918:8:16:0 -0.232142 -0.456961 0.224819
1918:9:16:0 0.00475154 -0.377905 0.382657
1918:10:16:0 0.22572 -0.305922 0.531643
1918:11:16:0 0.332496 -0.13477 0.467266
1918:12:16:0 0.0611145 -0.223852 0.284967
1919:1:16:0 0.22312 0.0699455 0.153175
1919:2:16:0 0.136786 0.0760634 0.0607224
1919:3:16:0 -0.0661805 0.0429514 -0.109132
1919:4:16:0 -0.0950163 0.119148 -0.214164
1919:5:16:0 0.0394355 0.216801 -0.177366
1919:6:16:0 0.0345551 0.179341 -0.144786
1919:7:16:0 0.00753332 -0.126042 0.133575
1919:8:16:0 -0.0713906 -0.0564293 -0.0149613
1919:9:16:0 0.0793725 -0.0794395 0.158812
1919:10:16:0 -0.189936 -0.226614 0.0366774
1919:11:16:0 -0.492011 -0.500131 0.00812051
1919:12:16:0 -0.4239 -0.249803 -0.174097
1920:1:16:0 -0.0520704 -0.247478 0.195407
1920:2:16:0 -0.102228 -0.335061 0.232834
1920:3:16:0 0.000539606 -0.302384 0.302924
1920:4:16:0 -0.0743544 -0.328354 0.254
1920:5:16:0 0.0918493 -0.393122 0.484971
1920:6:16:0 -0.239416 -0.389614 0.150198
1920:7:16:0 -0.605585 -0.337284 -0.268301
1920:8:16:0 -0.266911 0.0224268 -0.289338
1920:9:16:0 -0.265331 -0.0481489 -0.217182
1920:10:16:0 -0.359105 -0.293922 -0.0651833
1920:11:16:0 -0.388352 -0.0829825 -0.305369
1920:12:16:0 -0.413833 -0.255259 -0.158575
1921:1:16:0 -0.402518 -0.293196 -0.109322
1921:2:16:0 -0.353392 -0.385293 0.0319007
1921:3:16:0 -0.364907 -0.454858 0.0899516
1921:4:16:0 -0.186044 -0.192322 0.00627817
1921:5:16:0 -0.32367 -0.496788 0.173119
1921:6:16:0 -0.351364 -0.347047 -0.00431764
1921:7:16:0 -0.319349 -0.198103 -0.121247
1921:8:16:0 -0.601717 0.0308983 -0.632615
1921:9:16:0 -0.401603 -0.247892 -0.153711
1921:10:16:0 -0.130662 -0.0442352 -0.0864269
1921:11:16:0 -0.35852 -0.152802 -0.205719
1921:12:16:0 -0.1244 0.0305098 -0.15491
1922:1:16:0 -0.298575 -0.105055 -0.19352
1922:2:16:0 -0.146169 -0.127655 -0.018514
1922:3:16:0 -0.177633 -0.420593 0.24296
1922:4:16:0 -0.462017 -0.269815 -0.192202
1922:5:16:0 -0.405733 -0.250605 -0.155129
1922:6:16:0 -0.0991803 -0.231136 0.131956
1922:7:16:0 -0.361363 -0.130154 -0.231209
1922:8:16:0 -0.212103 -0.0998274 -0.112276
1922:9:16:0 -0.408206 -0.281981 -0.126225
1922:10:16:0 -0.221964 -0.0742841 -0.14768
1922:11:16:0 -0.269953 0.000912037 -0.270865
1922:12:16:0 -0.460619 -0.386341 -0.0742783
1923:1:16:0 -0.447511 -0.427245 -0.0202668
1923:2:16:0 -0.495201 -0.271722 -0.223478
1923:3:16:0 -0.319491 -0.204891 -0.114601
1923:4:16:0 -0.192394 -0.145539 -0.0468549
1923:5:16:0 -0.170549 -0.0769522 -0.0935966
1923:6:16:0 -0.163155 -0.273563 0.110408
1923:7:16:0 -0.338283 -0.248525 -0.0897578
1923:8:16:0 -0.24473 -0.535326 0.290596
1923:9:16:0 -0.155181 -0.779216 0.624035
1923:10:16:0 0.086558 -0.556038 0.642596
1923:11:16:0 0.238571 -0.466762 0.705334
1923:12:16:0 -0.0995277 -0.119574 0.0200462
1924:1:16:0 -0.130683 0.124128 -0.254812
1924:2:16:0 -0.0936216 0.319071 -0.412693
1924:3:16:0 -0.0257228 0.232682 -0.258405
1924:4:16:0 -0.0111143 0.0546518 -0.0657661
1924:5:16:0 -0.252773 -0.0656963 -0.187077
1924:6:16:0 -0.181806 0.0399158 -0.221721
1924:7:16:0 -0.15636 -0.0747633 -0.0815969
1924:8:16:0 -0.271661 -0.143971 -0.12769
1924:9:16:0 -0.215961 0.0480482 -0.264009
1924:10:16:0 -0.153251 -0.334641 0.181389
1924:11:16:0 -0.474235 -0.347855 -0.12638
1924:12:16:0 -0.400368 -0.265547 -0.134821
1925:1:16:0 -0.566508 -0.435566 -0.130941
1925:2:16:0 -0.500076 -0.652843 0.152768
1925:3:16:0 -0.330089 -0.489554 0.159466
1925:4:16:0 -0.090584 -0.764729 0.674145
1925:5:16:0 -0.235682 -0.40814 0.172458
1925:6:16:0 -0.21881 -0.512249 0.293439
1925:7:16:0 -0.0983843 -0.231429 0.133044
1925:8:16:0 -0.153348 -0.411938 0.25859
1925:9:16:0 0.123934 -0.634413 0.758347
1925:10:16:0 0.0486771 -0.42423 0.472907
1925:11:16:0 0.164624 -0.21124 0.375864
1925:12:16:0 -0.0297905 -0.106444 0.0766536
1926:1:16:0 0.0803369 -0.098108 0.178445
1926:2:16:0 -0.124546 0.053741 -0.178287
1926:3:16:0 0.133828 0.00895214 0.124875
1926:4:16:0 -0.0178152 0.0368251 -0.0546403
1926:5:16:0 0.0707886 -0.0651968 0.135985
1926:6:16:0 0.116624 -0.234299 0.350923
1926:7:16:0 0.197704 0.121905 0.0757989
1926:8:16:0 0.0566909 -0.227336 0.284027
1926:9:16:0 -0.0681726 -0.0536839 -0.0144887
1926:10:16:0 0.115772 -0.143786 0.259558
1926:11:16:0 -0.245544 -0.0221606 -0.223384
1926:12:16:0 -0.240989 -0.0532228 -0.187766
1927:1:16:0 -0.331928 -0.314376 -0.0175517
1927:2:16:0 0.17343 -0.0474741 0.220904
1927:3:16:0 -0.266536 -0.235347 -0.0311893
1927:4:16:0 -0.341812 -0.139998 -0.201815
1927:5:16:0 -0.354453 -0.322829 -0.0316238
1927:6:16:0 -0.236064 -0.283817 0.047753
1927:7:16:0 -0.208635 0.051057 -0.259692
1927:8:16:0 -0.357674 -0.0490882 -0.308586
1927:9:16:0 -0.27888 -0.0102893 -0.26859
1927:10:16:0 -0.228252 -0.00912436 -0.219128
1927:11:16:0 -0.206058 -0.192889 -0.0131692
1927:12:16:0 -0.247725 -0.101857 -0.145868
1928:1:16:0 -0.0506649 0.136955 -0.18762
1928:2:16:0 -0.00115683 0.176298 -0.177455
1928:3:16:0 -0.131644 -0.0162047 -0.115439
1928:4:16:0 -0.348039 -0.236474 -0.111565
1928:5:16:0 -0.201377 -0.146653 -0.0547237
1928:6:16:0 -0.211634 0.0442701 -0.255905
1928:7:16:0 -0.341512 -0.0116613 -0.32985
1928:8:16:0 -0.317554 0.262905 -0.580459
1928:9:16:0 -0.188024 0.297308 -0.485332
1928:10:16:0 -0.306596 0.0297255 -0.336322
1928:11:16:0 0.0302871 -0.041447 0.0717341
1928:12:16:0 -0.139172 -0.00148954 -0.137682
1929:1:16:0 -0.231308 -0.136228 -0.0950801
1929:2:16:0 -0.365779 -0.193481 -0.172298
1929:3:16:0 -0.290017 -0.221262 -0.0687546
1929:4:16:0 -0.0974281 -0.0753986 -0.0220295
1929:5:16:0 -0.422877 -0.282437 -0.14044
1929:6:16:0 -0.36265 -0.326206 -0.0364446
1929:7:16:0 -0.429609 -0.346509 -0.0830995
1929:8:16:0 -0.398274 -0.209725 -0.188548
1929:9:16:0 -0.144271 -0.221167 0.0768964
1929:10:16:0 -0.132192 -0.155974 0.0237824
1929:11:16:0 -0.118385 -0.107323 -0.0110624
1929:12:16:0 0.156379 -0.0443076 0.200687
1930:1:16:0 -0.142501 0.0967463 -0.239247
1930:2:16:0 -0.213491 0.118869 -0.33236
1930:3:16:0 -0.0327796 0.115395 -0.148174
1930:4:16:0 0.121242 0.174191 -0.052949
1930:5:16:0 -0.280664 -0.052149 -0.228515
1930:6:16:0 -0.25678 -0.3195 0.0627205
1930:7:16:0 -0.278736 -0.18228 -0.0964553
1930:8:16:0 -0.183724 -0.145986 -0.0377379
1930:9:16:0 -0.283238 0.131984 -0.415222
1930:10:16:0 -0.0179565 0.0227919 -0.0407484
1930:11:16:0 0.262453 -0.113885 0.376338
1930:12:16:0 0.0828341 -0.0314359 0.11427
1931:1:16:0 0.303628 0.175014 0.128615
1931:2:16:0 0.408235 0.555643 -0.147408
1931:3:16:0 0.164445 0.547899 -0.383454
1931:4:16:0 0.14688 0.471958 -0.325078
1931:5:16:0 0.283904 0.320573 -0.0366685
1931:6:16:0 0.251978 0.324097 -0.0721188
1931:7:16:0 0.261679 0.355249 -0.0935691
1931:8:16:0 -0.0195241 0.181461 -0.200986
1931:9:16:0 -0.266919 0.346737 -0.613657
1931:10:16:0 -0.12268 0.0866914 -0.209371
1931:11:16:0 0.121915 0.038425 0.0834898
1931:12:16:0 -0.404975 0.170515 -0.575491
1932:1:16:0 -0.272659 -0.0322822 -0.240377
1932:2:16:0 -0.452536 -0.0613587 -0.391177
1932:3:16:0 -0.21994 0.0362353 -0.256176
1932:4:16:0 -0.176459 -0.25049 0.0740312
1932:5:16:0 -0.128696 0.021716 -0.150412
1932:6:16:0 -0.193623 -0.0223318 -0.171292
1932:7:16:0 -0.0967035 -0.168498 0.0717942
1932:8:16:0 -0.108687 0.0762879 -0.184975
1932:9:16:0 -0.205473 -0.185459 -0.0200138
1932:10:16:0 -0.267155 0.074676 -0.341831
1932:11:16:0 -0.23851 -0.194349 -0.0441613
1932:12:16:0 -0.167752 -0.362685 0.194933
1933:1:16:0 0.0558233 0.0632867 -0.00746342
1933:2:16:0 0.00254121 -0.0909837 0.0935249
1933:3:16:0 -0.0905395 -0.29274 0.2022
1933:4:16:0 -0.0281581 -0.40039 0.372232
1933:5:16:0 -0.0850116 0.0411474 -0.126159
1933:6:16:0 -0.159252 -0.064027 -0.0952253
1933:7:16:0 -0.0883152 0.0569876 -0.145303
1933:8:16:0 -0.199242 0.118013 -0.317256
1933:9:16:0 -0.569895 0.589093 -1.15899
1933:10:16:0 -0.439493 0.158323 -0.597815
1933:11:16:0 -0.402053 -0.0705305 -0.331523
1933:12:16:0 -0.356172 -0.120027 -0.236144
1934:1:16:0 -0.677373 -0.26136 -0.416013
1934:2:16:0 -0.688564 -0.613572 -0.0749926
1934:3:16:0 -0.697953 -0.693312 -0.00464052
1934:4:16:0 -0.399916 -0.46395 0.0640336
1934:5:16:0 -0.512823 -0.52718 0.0143577
1934:6:16:0 -0.134943 -0.323245 0.188302
1934:7:16:0 -0.195985 -0.193623 -0.00236215
1934:8:16:0 -0.0140865 -0.29831 0.284223
1934:9:16:0 -0.111215 -0.00361252 -0.107602
1934:10:16:0 -0.189956 -0.248988 0.0590326
1934:11:16:0 -0.0468415 -0.165031 0.118189
1934:12:16:0 0.109146 0.0410149 0.0681311
1935:1:16:0 -0.0184203 -0.20023 0.181809
1935:2:16:0 0.145629 0.00787847 0.13775
1935:3:16:0 -0.137603 -0.418199 0.280597
1935:4:16:0 -0.0193252 0.0116453 -0.0309705
1935:5:16:0 -0.0645561 -0.339279 0.274723
1935:6:16:0 -0.0506816 -0.342876 0.292195
1935:7:16:0 -0.182881 -0.53896 0.356079
1935:8:16:0 -0.162446 -0.433903 0.271456
1935:9:16:0 -0.161954 -0.294814 0.13286
1935:10:16:0 -0.194004 -0.262065 0.0680617
1935:11:16:0 -0.00386839 -0.377127 0.373258
1935:12:16:0 0.0185343 -0.22065 0.239185
1936:1:16:0 0.105077 -0.150526 0.255603
1936:2:16:0 0.0313992 0.238459 -0.20706
1936:3:16:0 0.00378532 0.0560343 -0.0522489
1936:4:16:0 -0.0246951 -0.150789 0.126094
1936:5:16:0 -0.15552 -0.179053 0.0235326
1936:6:16:0 0.00676662 -0.260692 0.267459
1936:7:16:0 0.0314306 -0.218532 0.249963
1936:8:16:0 0.0912719 0.226956 -0.135684
1936:9:16:0 0.244308 0.300334 -0.0560261
1936:10:16:0 -0.100793 0.204796 -0.305589
1936:11:16:0 0.0861948 -0.122764 0.208959
1936:12:16:0 0.157087 0.252563 -0.0954764
1937:1:16:0 0.044977 -0.0244555 0.0694324
1937:2:16:0 0.304384 0.356866 -0.0524819
1937:3:16:0 0.119617 0.22318 -0.103563
1937:4:16:0 -0.0106472 0.209628 -0.220275
1937:5:16:0 0.0947539 -0.162805 0.257559
1937:6:16:0 0.0496534 0.14626 -0.0966067
1937:7:16:0 -0.0595611 0.178937 -0.238498
1937:8:16:0 0.0511577 0.0119079 0.0392498
1937:9:16:0 0.252613 -0.0511729 0.303786
1937:10:16:0 0.115649 0.0459343 0.0697146
1937:11:16:0 0.237053 0.0909665 0.146086
1937:12:16:0 -0.0798234 -0.167882 0.0880581
1938:1:16:0 0.1123 0.00788373 0.104416
1938:2:16:0 0.0754781 0.121322 -0.0458437
1938:3:16:0 0.166454 0.00116607 0.165288
1938:4:16:0 -0.0862534 0.0703554 -0.156609
1938:5:16:0 0.136453 -0.096192 0.232645
1938:6:16:0 0.0627273 0.252285 -0.189558
1938:7:16:0 -0.0737054 0.231817 -0.305522
1938:8:16:0 0.0479406 -0.102976 0.150917
1938:9:16:0 -0.0243586 0.0417869 -0.0661455
1938:10:16:0 -0.0881582 0.134956 -0.223114
1938:11:16:0 -0.249541 0.185783 -0.435324
1938:12:16:0 -0.207165 0.100683 -0.307848
1939:1:16:0 -0.2744 -0.334522 0.0601223
1939:2:16:0 -0.00463043 -0.391749 0.387118
1939:3:16:0 -0.21443 -0.396355 0.181925
1939:4:16:0 -0.231274 -0.158273 -0.0730013
1939:5:16:0 -0.304339 -0.18716 -0.117179
1939:6:16:0 -0.104706 -0.139233 0.0345275
1939:7:16:0 -0.0830058 0.0044911 -0.0874969
1939:8:16:0 -0.210846 -0.0537482 -0.157098
1939:9:16:0 -0.144818 -0.24369 0.0988713
1939:10:16:0 -0.14833 -0.33388 0.18555
1939:11:16:0 0.111742 0.161297 -0.0495554
1939:12:16:0 0.0659481 -0.0588345 0.124783
1940:1:16:0 0.0716888 -0.195252 0.26694
1940:2:16:0 -0.0664865 -0.0287259 -0.0377606
1940:3:16:0 -0.0599017 0.242895 -0.302797
1940:4:16:0 -0.178847 0.10985 -0.288697
1940:5:16:0 -0.166938 0.0743698 -0.241308
1940:6:16:0 0.0767967 -0.100734 0.17753
1940:7:16:0 0.11778 0.176242 -0.0584614
1940:8:16:0 -0.132212 -0.178408 0.0461966
1940:9:16:0 0.0543229 0.0514487 0.00287424
1940:10:16:0 0.168118 0.252735 -0.0846167
1940:11:16:0 0.245803 0.321701 -0.0758982
1940:12:16:0 0.220647 0.310868 -0.0902209
1941:1:16:0 0.289065 0.472562 -0.183497
1941:2:16:0 0.229312 0.666912 -0.437601
1941:3:16:0 0.34948 0.444683 -0.0952024
1941:4:16:0 0.402597 0.483147 -0.0805501
1941:5:16:0 0.234526 0.28547 -0.0509437
1941:6:16:0 0.252375 0.416065 -0.16369
1941:7:16:0 0.408149 0.522533 -0.114384
1941:8:16:0 0.393301 0.514585 -0.121284
1941:9:16:0 0.231072 0.175981 0.0550906
1941:10:16:0 0.358519 0.173511 0.185008
1941:11:16:0 0.641819 0.109487 0.532332
1941:12:16:0 0.528433 0.487321 0.0411118
1942:1:16:0 0.238195 0.243983 -0.00578733
1942:2:16:0 0.0779734 0.188752 -0.110779
1942:3:16:0 0.326082 0.405171 -0.0790885
1942:4:16:0 0.0694827 0.283911 -0.214428
1942:5:16:0 -0.0261027 0.354784 -0.380886
1942:6:16:0 -0.211985 0.51224 -0.724225
1942:7:16:0 -0.27226 0.107451 -0.379711
1942:8:16:0 -0.162973 0.627602 -0.790575
1942:9:16:0 -0.162936 0.385494 -0.54843
1942:10:16:0 -0.250733 -0.049703 -0.20103
1942:11:16:0 -0.274345 0.0504644 -0.32481
1942:12:16:0 -0.378997 -0.0586611 -0.320336
1943:1:16:0 -0.456486 -0.16245 -0.294036
1943:2:16:0 -0.256541 -0.199414 -0.057127
1943:3:16:0 -0.348927 -0.221625 -0.127303
1943:4:16:0 -0.303048 -0.284734 -0.0183142
1943:5:16:0 -0.0229226 -0.0578761 0.0349535
1943:6:16:0 -0.036575 -0.40154 0.364965
1943:7:16:0 0.00239213 -0.408764 0.411156
1943:8:16:0 0.0481772 -0.287866 0.336043
1943:9:16:0 0.00427651 0.259413 -0.255137
1943:10:16:0 -0.0138792 0.135334 -0.149213
1943:11:16:0 0.107612 0.223903 -0.116291
1943:12:16:0 -0.0363827 0.120217 -0.156599
1944:1:16:0 0.0437576 0.0121623 0.0315953
1944:2:16:0 0.0576571 -0.364839 0.422496
1944:3:16:0 0.0094795 0.0210031 -0.0115236
1944:4:16:0 -0.104789 -0.0643025 -0.0404867
1944:5:16:0 0.164709 -0.334403 0.499112
1944:6:16:0 0.124811 0.0296011 0.0952097
1944:7:16:0 0.259108 -0.106523 0.365631
1944:8:16:0 0.210921 -0.135298 0.346219
1944:9:16:0 0.388486 -0.000164395 0.38865
1944:10:16:0 -0.0452265 0.167511 -0.212738
1944:11:16:0 0.0566504 0.0364757 0.0201747
1944:12:16:0 0.493439 0.0935229 0.399916
1945:1:16:0 0.441824 0.390591 0.0512331
1945:2:16:0 0.556931 0.282649 0.274282
1945:3:16:0 0.0168606 -0.354768 0.371629
1945:4:16:0 -0.310717 -0.189604 -0.121113
1945:5:16:0 -0.397805 -0.0541143 -0.343691
1945:6:16:0 -0.207585 0.139509 -0.347095
1945:7:16:0 0.206775 0.41502 -0.208245
1945:8:16:0 0.0736396 0.422943 -0.349304
1945:9:16:0 -0.176019 0.025393 -0.201412
1945:10:16:0 -0.19201 -0.0609039 -0.131106
1945:11:16:0 -0.144041 -0.0863317 -0.0577096
1945:12:16:0 0.0311077 0.132168 -0.10106
1946:1:16:0 -0.0227657 -0.275396 0.25263
1946:2:16:0 0.0347827 -0.135831 0.170614
1946:3:16:0 -0.0436928 0.0110576 -0.0547504
1946:4:16:0 -0.0357307 0.317262 -0.352993
1946:5:16:0 0.0945603 -0.412765 0.507325
1946:6:16:0 -0.235869 -0.127498 -0.108372
1946:7:16:0 -0.170485 -0.327304 0.156819
1946:8:16:0 -0.138541 -0.596828 0.458287
1946:9:16:0 -0.129117 -0.453188 0.324071
1946:10:16:0 0.041938 -0.170701 0.212639
1946:11:16:0 -0.142553 -0.389295 0.246742
1946:12:16:0 -0.357268 -0.341157 -0.016111
1947:1:16:0 -0.0857108 0.0192691 -0.10498
1947:2:16:0 -0.115036 -0.331185 0.216149
1947:3:16:0 -0.149696 -0.319358 0.169661
1947:4:16:0 -0.502591 -0.517391 0.0148003
1947:5:16:0 -0.107831 -0.429102 0.321271
1947:6:16:0 -0.132525 -0.282693 0.150168
1947:7:16:0 -0.433184 -0.126018 -0.307166
1947:8:16:0 -0.296908 0.0511985 -0.348106
1947:9:16:0 -0.529684 0.0362666 -0.56595
1947:10:16:0 -0.629885 -0.205434 -0.424452
1947:11:16:0 -0.434648 -0.397687 -0.0369608
1947:12:16:0 -0.538115 -0.507848 -0.0302673
1948:1:16:0 -0.468792 -0.35746 -0.111332
1948:2:16:0 -0.233085 -0.261751 0.0286663
1948:3:16:0 -0.0236421 -0.216741 0.193099
1948:4:16:0 -0.115403 -0.213215 0.0978119
1948:5:16:0 -0.187582 -0.322612 0.13503
1948:6:16:0 -0.0301018 -0.295506 0.265404
1948:7:16:0 -0.089992 -0.143298 0.0533062
1948:8:16:0 -0.163696 -0.017211 -0.146485
1948:9:16:0 -0.422178 -0.168885 -0.253293
1948:10:16:0 -0.105226 -0.198109 0.0928823
1948:11:16:0 -0.348501 -0.243214 -0.105287
1948:12:16:0 -0.128655 0.148137 -0.276793
1949:1:16:0 -0.218192 -0.426861 0.208669
1949:2:16:0 -0.131841 -0.487943 0.356102
1949:3:16:0 -0.277274 -0.328284 0.0510101
1949:4:16:0 -0.179587 -0.54263 0.363043
1949:5:16:0 -0.287314 -0.41758 0.130266
1949:6:16:0 -0.189327 -0.394491 0.205164
1949:7:16:0 -0.00264436 -0.302047 0.299402
1949:8:16:0 -0.152108 -0.462478 0.31037
1949:9:16:0 -0.0557244 -0.353794 0.298069
1949:10:16:0 -0.074617 -0.331171 0.256554
1949:11:16:0 -0.196716 -0.0817537 -0.114963
1949:12:16:0 -0.259344 -0.162051 -0.0972932
1950:1:16:0 -0.192828 -0.33634 0.143511
1950:2:16:0 -0.40953 -0.0469464 -0.362584
1950:3:16:0 -0.310527 0.210726 -0.521253
1950:4:16:0 -0.441707 -0.169056 -0.272651
1950:5:16:0 -0.297082 -0.207671 -0.0894107
1950:6:16:0 -0.381674 -0.0970651 -0.284609
1950:7:16:0 -0.320961 -0.286278 -0.0346836
1950:8:16:0 -0.369758 -0.450635 0.0808763
1950:9:16:0 -0.430177 -0.193291 -0.236886
1950:10:16:0 -0.336472 -0.133432 -0.203041
1950:11:16:0 -0.429977 -0.482131 0.0521543
1950:12:16:0 -0.392878 -0.595039 0.202161
1951:1:16:0 -0.375991 -0.822487 0.446496
1951:2:16:0 -0.336368 -0.734481 0.398112
1951:3:16:0 -0.181093 -0.603902 0.422809
1951:4:16:0 -0.540621 -0.232607 -0.308014
1951:5:16:0 -0.291378 -0.366955 0.0755775
1951:6:16:0 -0.06872 -0.0983764 0.0296564
1951:7:16:0 -0.0990718 -0.19484 0.0957685
1951:8:16:0 0.0433917 -0.376068 0.419459
1951:9:16:0 0.248421 -0.134478 0.382899
1951:10:16:0 0.139474 -0.0701816 0.209656
1951:11:16:0 0.191052 -0.195524 0.386576
1951:12:16:0 0.193228 0.0398696 0.153359
1952:1:16:0 0.00800624 -0.108045 0.116052
1952:2:16:0 0.121749 -0.140568 0.262317
1952:3:16:0 0.0512934 -0.235843 0.287136
1952:4:16:0 0.0976796 -0.171429 0.269108
1952:5:16:0 -0.00362061 -0.0750814 0.0714608
1952:6:16:0 0.055474 -0.173357 0.228831
1952:7:16:0 -0.170947 -0.0591709 -0.111776
1952:8:16:0 -0.223839 -0.0671858 -0.156653
1952:9:16:0 -0.183252 0.0238984 -0.207151
1952:10:16:0 -0.276283 -0.119538 -0.156745
1952:11:16:0 -0.128894 -0.236633 0.10774
1952:12:16:0 -0.0242192 -0.229184 0.204964
1953:1:16:0 0.0738302 -0.416996 0.490826
1953:2:16:0 -0.00490068 -0.46795 0.46305
1953:3:16:0 0.15756 -0.192221 0.349781
1953:4:16:0 0.0516963 -0.0936372 0.145333
1953:5:16:0 0.216988 -0.313141 0.530129
1953:6:16:0 0.0873312 -0.0037831 0.0911143
1953:7:16:0 -0.123103 -0.253998 0.130895
1953:8:16:0 -0.233102 -0.299203 0.0661011
1953:9:16:0 -0.196588 -0.346721 0.150134
1953:10:16:0 -0.08615 -0.158987 0.0728366
1953:11:16:0 0.131071 -0.00140967 0.132481
1953:12:16:0 0.307131 0.196841 0.11029
1954:1:16:0 -0.021485 0.136381 -0.157866
1954:2:16:0 0.0212336 0.110145 -0.0889118
1954:3:16:0 -0.0300795 -0.0398907 0.00981114
1954:4:16:0 0.0119691 -0.16999 0.181959
1954:5:16:0 -0.126847 0.203667 -0.330514
1954:6:16:0 -0.255303 0.0389677 -0.294271
1954:7:16:0 -0.638991 -0.106121 -0.53287
1954:8:16:0 -0.516117 -0.192357 -0.32376
1954:9:16:0 -0.532432 -0.208511 -0.32392
1954:10:16:0 -0.68042 -0.233704 -0.446716
1954:11:16:0 -0.40193 -0.228517 -0.173413
1954:12:16:0 -0.393487 -0.568833 0.175346
1955:1:16:0 -0.0554072 -0.188554 0.133147
1955:2:16:0 -0.37255 -0.408552 0.0360024
1955:3:16:0 -0.243467 -0.431845 0.188377
1955:4:16:0 -0.268111 -0.427636 0.159525
1955:5:16:0 -0.44343 0.0241644 -0.467595
1955:6:16:0 -0.529292 -0.358857 -0.170435
1955:7:16:0 -0.38603 -0.261975 -0.124055
1955:8:16:0 -0.193182 -0.0695073 -0.123675
1955:9:16:0 -0.214432 0.127996 -0.342428
1955:10:16:0 -0.383723 -0.0466278 -0.337096
1955:11:16:0 -0.279923 -0.287586 0.0076631
1955:12:16:0 -0.208737 -0.14517 -0.0635673
1956:1:16:0 -0.174579 -0.262521 0.0879418
1956:2:16:0 -0.273522 -0.438532 0.165009
1956:3:16:0 -0.177814 -0.34879 0.170976
1956:4:16:0 -0.171511 -0.0751656 -0.096345
1956:5:16:0 -0.456802 -0.111416 -0.345386
1956:6:16:0 -0.504042 0.0991754 -0.603218
1956:7:16:0 -0.555756 0.20509 -0.760846
1956:8:16:0 -0.379432 0.0834591 -0.462891
1956:9:16:0 -0.377904 0.0221988 -0.400103
1956:10:16:0 -0.234217 0.0448537 -0.279071
1956:11:16:0 -0.283162 -0.0478714 -0.23529
1956:12:16:0 -0.134421 -0.216373 0.0819515
1957:1:16:0 -0.144348 0.105226 -0.249574
1957:2:16:0 -0.187858 0.185998 -0.373857
1957:3:16:0 -0.0619583 -0.0339827 -0.0279756
1957:4:16:0 -0.0370132 0.0630324 -0.100046
1957:5:16:0 0.225576 0.331103 -0.105527
1957:6:16:0 -0.100001 0.1497 -0.249701
1957:7:16:0 -0.0915984 0.0774864 -0.169085
1957:8:16:0 0.0379511 -0.00549545 0.0434465
1957:9:16:0 -0.151187 -0.162417 0.0112292
1957:10:16:0 -0.137013 0.00211596 -0.139129
1957:11:16:0 0.0860889 0.298585 -0.212497
1957:12:16:0 0.00829357 0.0339793 -0.0256858
1958:1:16:0 0.24471 0.463041 -0.218331
1958:2:16:0 0.247105 0.303991 -0.0568866
1958:3:16:0 0.0445198 0.251589 -0.207069
1958:4:16:0 0.044703 0.188494 -0.143791
1958:5:16:0 -0.0414681 0.23336 -0.274828
1958:6:16:0 -0.23012 0.406535 -0.636655
1958:7:16:0 -0.0336235 0.712625 -0.746249
1958:8:16:0 -0.0574295 0.898349 -0.955778
1958:9:16:0 -0.153568 0.750919 -0.904487
1958:10:16:0 -0.0729369 0.504114 -0.577051
1958:11:16:0 -0.042629 0.354061 -0.39669
1958:12:16:0 0.109115 0.515297 -0.406183
1959:1:16:0 0.336682 0.178175 0.158507
1959:2:16:0 0.245763 0.591857 -0.346094
1959:3:16:0 0.0662659 0.417595 -0.351329
1959:4:16:0 0.0150393 0.173085 -0.158046
1959:5:16:0 -0.0639446 0.452092 -0.516037
1959:6:16:0 -0.237217 0.294168 -0.531385
1959:7:16:0 -0.288206 0.0581812 -0.346387
1959:8:16:0 -0.362014 0.242201 -0.604215
1959:9:16:0 -0.290215 0.152416 -0.44263
1959:10:16:0 -0.0632381 0.141704 -0.204942
1959:11:16:0 -0.0108595 0.294801 -0.305661
1959:12:16:0 0.0914696 0.216547 -0.125078
1960:1:16:0 -0.0115138 0.0335888 -0.0451026
1960:2:16:0 -0.00248968 -0.150912 0.148422
1960:3:16:0 0.0153518 0.271355 -0.256003
1960:4:16:0 -0.0106797 0.525975 -0.536655
1960:5:16:0 0.0119375 0.524147 -0.51221
1960:6:16:0 -0.138321 0.327178 -0.465499
1960:7:16:0 -0.180846 0.237935 -0.418781
1960:8:16:0 -0.25422 0.0277494 -0.28197
1960:9:16:0 -0.0447139 0.140823 -0.185537
1960:10:16:0 -0.246869 0.269768 -0.516636
1960:11:16:0 -0.296846 0.236498 -0.533344
1960:12:16:0 -0.0857093 0.314478 -0.400188
1961:1:16:0 -0.129265 -0.175711 0.0464453
1961:2:16:0 -0.0958972 -0.206008 0.110111
1961:3:16:0 -0.0435559 -0.0915736 0.0480177
1961:4:16:0 -0.00448419 0.398238 -0.402723
1961:5:16:0 -0.184362 0.032864 -0.217226
1961:6:16:0 -0.0451517 -0.253341 0.208189
1961:7:16:0 0.20359 -0.733711 0.937302
1961:8:16:0 0.19842 -0.872486 1.07091
1961:9:16:0 0.193332 -0.740503 0.933835
1961:10:16:0 0.250022 -0.57643 0.826452
1961:11:16:0 0.112052 -0.469782 0.581834
1961:12:16:0 0.21516 -0.312943 0.528103
1962:1:16:0 0.0984627 -0.593742 0.692204
1962:2:16:0 -0.00518359 -0.728975 0.723791
1962:3:16:0 0.162255 -0.358003 0.520258
1962:4:16:0 0.052168 -0.128238 0.180406
1962:5:16:0 -0.144632 0.0153233 -0.159955
1962:6:16:0 -0.250423 -0.00413019 -0.246293
1962:7:16:0 -0.172015 -0.0240594 -0.147956
1962:8:16:0 0.0368643 0.033408 0.00345639
1962:9:16:0 0.0340419 -0.17125 0.205292
1962:10:16:0 0.00952433 -0.0488906 0.0584149
1962:11:16:0 0.0493242 -0.0156122 0.0649364
1962:12:16:0 0.141141 -0.0241488 0.165289
1963:1:16:0 0.0472897 -0.467111 0.514401
1963:2:16:0 -0.0064912 -0.58559 0.579099
1963:3:16:0 -0.0899881 -0.461001 0.371013
1963:4:16:0 -0.093938 -0.233843 0.139905
1963:5:16:0 -0.214916 -0.10671 -0.108206
1963:6:16:0 -0.162692 -0.122138 -0.0405539
1963:7:16:0 0.0725573 -0.449665 0.522222
1963:8:16:0 0.0726082 -0.694191 0.766799
1963:9:16:0 -0.0106694 -0.476499 0.46583
1963:10:16:0 0.285524 -0.51871 0.804234
1963:11:16:0 0.350676 -0.23023 0.580906
1963:12:16:0 0.220542 0.0556753 0.164866
1964:1:16:0 0.314171 0.591559 -0.277388
1964:2:16:0 0.183818 0.690304 -0.506487
1964:3:16:0 0.183922 0.328695 -0.144773
1964:4:16:0 0.155614 0.187355 -0.0317413
1964:5:16:0 -0.259624 0.0444495 -0.304073
1964:6:16:0 -0.126637 0.00611216 -0.132749
1964:7:16:0 -0.467978 0.040505 -0.508483
1964:8:16:0 -0.537663 -0.162418 -0.375245
1964:9:16:0 -0.499724 0.081965 -0.581689
1964:10:16:0 -0.428508 0.209045 -0.637552
1964:11:16:0 -0.423708 -0.415968 -0.00773922
1964:12:16:0 -0.354506 -0.409402 0.054896
1965:1:16:0 -0.388592 -0.243253 -0.145339
1965:2:16:0 -0.273525 -0.00796858 -0.265557
1965:3:16:0 -0.398549 -0.380575 -0.0179735
1965:4:16:0 -0.28196 -0.194545 -0.0874149
1965:5:16:0 -0.45737 -0.138864 -0.318506
1965:6:16:0 -0.432162 -0.161143 -0.271019
1965:7:16:0 -0.354903 -0.195926 -0.158977
1965:8:16:0 -0.179063 -0.231594 0.0525315
1965:9:16:0 0.00164622 -0.188592 0.190238
1965:10:16:0 0.0261446 -0.365357 0.391502
1965:11:16:0 -0.020801 -0.0575373 0.0367363
1965:12:16:0 -0.0107615 0.0547351 -0.0654967
1966:1:16:0 0.00818879 0.0581644 -0.0499756
1966:2:16:0 0.329352 0.310408 0.0189443
1966:3:16:0 0.060722 0.238531 -0.177809
1966:4:16:0 -0.106821 0.12987 -0.236691
1966:5:16:0 -0.22748 -0.0206106 -0.206869
1966:6:16:0 -0.028564 -0.12022 0.0916559
1966:7:16:0 0.0419479 -0.265121 0.307069
1966:8:16:0 -0.0135113 -0.434833 0.421321
1966:9:16:0 0.180695 -0.308766 0.489461
1966:10:16:0 0.0132396 -0.0642264 0.0774659
1966:11:16:0 -0.0213883 0.070389 -0.0917773
1966:12:16:0 -0.145223 -0.134363 -0.0108596
1967:1:16:0 -0.456684 -0.409578 -0.0471063
1967:2:16:0 -0.443504 -0.560097 0.116593
1967:3:16:0 -0.087495 -0.502207 0.414712
1967:4:16:0 -0.128712 -0.0543699 -0.0743422
1967:5:16:0 0.0230408 -0.0190115 0.0420523
1967:6:16:0 -0.00244674 -0.245552 0.243106
1967:7:16:0 -0.251366 -0.689028 0.437662
1967:8:16:0 -0.160824 -0.571019 0.410195
1967:9:16:0 -0.0984602 -0.618846 0.520386
1967:10:16:0 0.183582 -0.34253 0.526111
1967:11:16:0 0.13279 -0.149249 0.282038
1967:12:16:0 0.0314812 -0.243715 0.275196
1968:1:16:0 -0.0916906 -0.480385 0.388694
1968:2:16:0 0.0127659 -0.49818 0.510945
1968:3:16:0 -0.0674583 -0.387755 0.320297
1968:4:16:0 0.02595 -0.23414 0.26009
1968:5:16:0 0.0284827 -0.0574299 0.0859126
1968:6:16:0 0.275474 -0.00956018 0.285034
1968:7:16:0 -0.0625432 0.14936 -0.211903
1968:8:16:0 0.0413237 0.199875 -0.158552
1968:9:16:0 0.0446101 0.384926 -0.340316
1968:10:16:0 0.0410771 0.188546 -0.147469
1968:11:16:0 0.0289025 0.209115 -0.180212
1968:12:16:0 0.193912 0.179446 0.0144668
1969:1:16:0 0.393732 0.371112 0.0226206
1969:2:16:0 0.384767 0.36576 0.0190076
1969:3:16:0 0.557339 0.3277 0.22964
1969:4:16:0 0.480606 0.329977 0.150628
1969:5:16:0 0.379573 0.322198 0.0573758
1969:6:16:0 -0.0779595 0.328972 -0.406932
1969:7:16:0 0.0339098 0.124625 -0.0907152
1969:8:16:0 0.0011915 0.0521276 -0.0509361
1969:9:16:0 0.175292 0.0390501 0.136242
1969:10:16:0 0.377416 0.199898 0.177518
1969:11:16:0 0.334478 0.0763923 0.258085
1969:12:16:0 0.387387 0.248461 0.138925
1970:1:16:0 0.640857 0.158684 0.482173
1970:2:16:0 0.422477 -0.0826174 0.505094
1970:3:16:0 0.440857 0.209926 0.230931
1970:4:16:0 0.370181 -0.0425332 0.412714
1970:5:16:0 0.314022 -0.0787521 0.392774
1970:6:16:0 0.0314452 0.210924 -0.179479
1970:7:16:0 -0.00166577 0.258047 -0.259713
1970:8:16:0 0.000560705 0.056514 -0.0559533
1970:9:16:0 0.0371548 0.248487 -0.211332
1970:10:16:0 -0.12149 0.13424 -0.25573
1970:11:16:0 -0.0476509 -0.0135374 -0.0341135
1970:12:16:0 -0.194421 -0.188696 -0.00572413
1971:1:16:0 -0.204127 -0.582155 0.378029
1971:2:16:0 -0.530811 -0.722036 0.191225
1971:3:16:0 -0.456772 -0.828866 0.372094
1971:4:16:0 -0.0415612 -0.483283 0.441722
1971:5:16:0 -0.124318 -0.271899 0.147581
1971:6:16:0 -0.160547 -0.138216 -0.0223304
1971:7:16:0 -0.159974 -0.121893 -0.0380808
1971:8:16:0 -0.156293 0.0834202 -0.239713
1971:9:16:0 -0.233553 0.117012 -0.350565
1971:10:16:0 -0.222164 0.0204265 -0.242591
1971:11:16:0 0.0089653 -0.27745 0.286415
1971:12:16:0 0.0142553 -0.428609 0.442865
1972:1:16:0 0.117368 -0.212164 0.329532
1972:2:16:0 -0.0716091 -0.0364704 -0.0351386
1972:3:16:0 -0.214495 -0.40887 0.194375
1972:4:16:0 0.106812 -0.214266 0.321078
1972:5:16:0 0.277031 -0.0916392 0.36867
1972:6:16:0 0.648311 -0.293397 0.941709
1972:7:16:0 0.647308 -0.366975 1.01428
1972:8:16:0 0.608822 -0.200794 0.809616
1972:9:16:0 0.685471 -0.0629492 0.74842
1972:10:16:0 0.745883 0.0483888 0.697494
1972:11:16:0 0.803864 -0.121306 0.92517
1972:12:16:0 0.738925 0.0453211 0.693604
1973:1:16:0 0.72657 0.503735 0.222835
1973:2:16:0 0.406179 0.3013 0.104879
1973:3:16:0 0.409487 0.248074 0.161413
1973:4:16:0 0.530088 0.448173 0.0819147
1973:5:16:0 0.552959 0.253738 0.299221
1973:6:16:0 0.310496 0.325749 -0.0152538
1973:7:16:0 0.369327 0.550958 -0.18163
1973:8:16:0 0.223068 0.522039 -0.298972
1973:9:16:0 0.254235 0.628623 -0.374388
1973:10:16:0 0.23534 0.283143 -0.0478025
1973:11:16:0 0.103937 -0.0217522 0.125689
1973:12:16:0 -0.0930981 -0.380384 0.287286
1974:1:16:0 -0.175329 -0.643504 0.468175
1974:2:16:0 -0.251211 -0.592017 0.340806
1974:3:16:0 -0.175279 -0.593486 0.418207
1974:4:16:0 -0.206022 -0.350676 0.144655
1974:5:16:0 -0.204439 -0.180739 -0.0237008
1974:6:16:0 0.0694978 -0.112572 0.18207
1974:7:16:0 0.185915 0.120027 0.0658876
1974:8:16:0 0.00291145 0.201525 -0.198614
1974:9:16:0 -0.0327419 0.233063 -0.265805
1974:10:16:0 -0.197575 0.254769 -0.452344
1974:11:16:0 -0.331407 -0.062404 -0.269003
1974:12:16:0 -0.0632296 0.0605027 -0.123732
1975:1:16:0 -0.193433 -0.016012 -0.177421
1975:2:16:0 -0.230301 -0.162837 -0.0674641
1975:3:16:0 -0.467485 -0.177446 -0.290039
1975:4:16:0 -0.106939 -0.39131 0.284371
1975:5:16:0 0.105244 -0.177788 0.283032
1975:6:16:0 0.184031 -0.0794358 0.263466
1975:7:16:0 0.406618 0.139837 0.26678
1975:8:16:0 0.104284 0.153657 -0.0493738
1975:9:16:0 -0.0151824 0.447457 -0.462639
1975:10:16:0 -0.496613 0.16772 -0.664333
1975:11:16:0 -0.329688 -0.269884 -0.0598032
1975:12:16:0 -0.411818 -0.471149 0.0593304
1976:1:16:0 -0.329384 -0.52439 0.195006
1976:2:16:0 -0.149013 -0.408545 0.259532
1976:3:16:0 -0.247011 -0.430806 0.183795
1976:4:16:0 -0.149045 -0.467957 0.318913
1976:5:16:0 -0.0907184 -0.303092 0.212373
1976:6:16:0 0.190141 -0.382139 0.57228
1976:7:16:0 0.224506 -0.660024 0.88453
1976:8:16:0 0.0433363 -0.350546 0.393883
1976:9:16:0 -0.0381485 -0.206053 0.167905
1976:10:16:0 -0.0469985 -0.191358 0.14436
1976:11:16:0 -0.0364807 -0.12188 0.0853991
1976:12:16:0 0.020272 -0.235629 0.255901
1977:1:16:0 0.0905888 -0.0890728 0.179662
1977:2:16:0 -0.225153 -0.148734 -0.0764196
1977:3:16:0 -0.0428334 -0.38037 0.337537
1977:4:16:0 0.163587 -0.00668665 0.170273
1977:5:16:0 0.101504 0.229358 -0.127854
1977:6:16:0 0.344548 0.236984 0.107564
1977:7:16:0 0.136068 0.00238517 0.133683
1977:8:16:0 0.0813906 0.0560196 0.025371
1977:9:16:0 0.109115 -0.0115948 0.12071
1977:10:16:0 0.388455 -0.220984 0.609439
1977:11:16:0 0.428662 0.302764 0.125897
1977:12:16:0 0.441935 0.249164 0.192771
1978:1:16:0 0.233999 0.685148 -0.451149
1978:2:16:0 0.176898 0.52722 -0.350322
1978:3:16:0 0.135691 0.55352 -0.417829
1978:4:16:0 -0.00336154 0.0203796 -0.0237411
1978:5:16:0 -0.336558 -0.0116625 -0.324896
1978:6:16:0 -0.233031 -0.255617 0.0225861
1978:7:16:0 0.0541018 -0.14231 0.196411
1978:8:16:0 0.0654428 -0.0190184 0.0844612
1978:9:16:0 -0.0134722 -0.145773 0.132301
1978:10:16:0 -0.053767 0.0613636 -0.115131
1978:11:16:0 0.015232 0.197759 -0.182527
1978:12:16:0 0.0050711 0.0341915 -0.0291204
1979:1:16:0 0.508873 0.0144511 0.494422
1979:2:16:0 0.399757 0.374704 0.0250531
1979:3:16:0 0.31071 0.180854 0.129856
1979:4:16:0 0.153866 0.167881 -0.0140148
1979:5:16:0 0.188018 0.419947 -0.23193
1979:6:16:0 0.351603 0.0447664 0.306836
1979:7:16:0 0.0402851 0.0474688 -0.00718368
1979:8:16:0 -0.0950933 -0.161071 0.0659775
1979:9:16:0 0.0970028 -0.0129322 0.109935
1979:10:16:0 0.120312 0.0504493 0.0698622
1979:11:16:0 0.110724 0.0908743 0.0198501
1979:12:16:0 0.202565 0.0762221 0.126343
1980:1:16:0 0.123743 0.0987096 0.0250331
1980:2:16:0 0.0783316 0.0989738 -0.0206422
1980:3:16:0 -0.0848075 0.166034 -0.250841
1980:4:16:0 0.136222 0.0321917 0.104031
1980:5:16:0 0.410483 0.25974 0.150743
1980:6:16:0 -0.0359936 0.132849 -0.168843
1980:7:16:0 0.103474 0.440472 -0.336998
1980:8:16:0 0.107577 0.618171 -0.510594
1980:9:16:0 0.19121 0.534832 -0.343622
1980:10:16:0 0.277712 0.552697 -0.274985
1980:11:16:0 0.288215 0.444806 -0.156591
1980:12:16:0 0.216722 0.480984 -0.264262
1981:1:16:0 0.127949 0.147642 -0.0196932
1981:2:16:0 0.177943 0.0297083 0.148235
1981:3:16:0 0.386159 0.200406 0.185753
1981:4:16:0 0.156573 -0.124491 0.281065
1981:5:16:0 0.136103 -0.0551061 0.191209
1981:6:16:0 -0.0191124 0.0105589 -0.0296714
1981:7:16:0 0.0680655 0.31254 -0.244474
1981:8:16:0 -0.00465843 0.315714 -0.320372
1981:9:16:0 -0.00556903 0.350827 -0.356396
1981:10:16:0 0.141747 0.362846 -0.221099
1981:11:16:0 0.0121878 0.0698611 -0.0576733
1981:12:16:0 0.219602 0.00908261 0.210519
1982:1:16:0 0.159393 -0.168008 0.327401
1982:2:16:0 0.0986626 -0.25147 0.350132
1982:3:16:0 0.149917 -0.0680326 0.21795
1982:4:16:0 0.209542 -0.103152 0.312694
1982:5:16:0 0.332556 -0.103989 0.436544
1982:6:16:0 0.245855 -0.217058 0.462914
1982:7:16:0 0.328473 -0.248145 0.576618
1982:8:16:0 0.317251 -0.233007 0.550259
1982:9:16:0 0.48838 -0.337998 0.826377
1982:10:16:0 0.634884 -0.361962 0.996846
1982:11:16:0 0.517921 -0.0284167 0.546338
1982:12:16:0 0.553546 0.489849 0.0636966
1983:1:16:0 0.539051 0.83629 -0.297238
1983:2:16:0 0.596416 1.00107 -0.404655
1983:3:16:0 0.550998 1.13253 -0.58153
1983:4:16:0 0.699633 1.05185 -0.352216
1983:5:16:0 0.758874 0.599699 0.159175
1983:6:16:0 1.10593 0.524746 0.581189
1983:7:16:0 1.11735 0.283169 0.83418
1983:8:16:0 0.886006 0.241343 0.644662
1983:9:16:0 0.61816 0.297341 0.320819
1983:10:16:0 0.377188 0.28129 0.0958984
1983:11:16:0 0.496402 0.56175 -0.0653484
1983:12:16:0 0.375045 0.24411 0.130935
1984:1:16:0 0.0386931 0.0767389 -0.0380458
1984:2:16:0 -0.240914 -0.274333 0.0334183
1984:3:16:0 -0.0619681 -0.111245 0.0492771
1984:4:16:0 0.0882991 -0.164262 0.252561
1984:5:16:0 -0.180764 -0.100321 -0.0804431
1984:6:16:0 -0.175453 -0.0345299 -0.140923
1984:7:16:0 -0.0122071 0.034069 -0.0462761
1984:8:16:0 -0.0380755 0.153051 -0.191126
1984:9:16:0 0.043158 0.25212 -0.208962
1984:10:16:0 -0.0289985 0.236307 -0.265305
1984:11:16:0 0.0573736 0.200125 -0.142751
1984:12:16:0 0.040813 0.0872004 -0.0463875
1985:1:16:0 0.017915 0.295926 -0.278011
1985:2:16:0 -0.133557 0.31223 -0.445787
1985:3:16:0 -0.140467 0.229945 -0.370412
1985:4:16:0 0.147503 0.153654 -0.00615075
1985:5:16:0 0.00261204 0.0101757 -0.00756362
1985:6:16:0 -0.334695 0.0784399 -0.413135
1985:7:16:0 0.0518481 0.139619 -0.0877704
1985:8:16:0 -0.011008 0.143972 -0.15498
1985:9:16:0 0.162769 0.0118162 0.150953
1985:10:16:0 0.0822245 0.198776 -0.116552
1985:11:16:0 0.219594 -0.123386 0.34298
1985:12:16:0 0.230207 0.42128 -0.191073
1986:1:16:0 0.0798897 0.00697604 0.0729137
1986:2:16:0 0.172781 0.128826 0.0439555
1986:3:16:0 0.0380502 0.0718645 -0.0338144
1986:4:16:0 0.0767435 0.164711 -0.0879674
1986:5:16:0 0.332104 0.271462 0.0606422
1986:6:16:0 0.29255 0.362626 -0.070076
1986:7:16:0 0.197669 0.437057 -0.239389
1986:8:16:0 0.169832 0.278004 -0.108172
1986:9:16:0 0.343554 0.108086 0.235468
1986:10:16:0 0.414889 0.0901932 0.324695
1986:11:16:0 0.492557 0.472768 0.0197895
1986:12:16:0 0.451969 0.503561 -0.0515915
1987:1:16:0 0.464529 0.367919 0.0966099
1987:2:16:0 0.468351 0.246195 0.222156
1987:3:16:0 0.546202 0.522253 0.0239483
1987:4:16:0 0.526274 0.485145 0.0411284
1987:5:16:0 0.91254 0.529022 0.383518
1987:6:16:0 0.675719 0.360902 0.314817
1987:7:16:0 0.788949 0.278337 0.510612
1987:8:16:0 0.892662 0.304826 0.587836
1987:9:16:0 0.944533 0.171575 0.772957
1987:10:16:0 0.841344 0.214652 0.626692
1987:11:16:0 0.760039 0.545031 0.215008
1987:12:16:0 0.729267 0.35189 0.377377
1988:1:16:0 0.933968 0.401836 0.532133
1988:2:16:0 0.813559 0.784108 0.0294511
1988:3:16:0 0.711322 0.85701 -0.145688
1988:4:16:0 0.574891 0.504479 0.0704124
1988:5:16:0 0.299031 0.589386 -0.290355
1988:6:16:0 0.368066 0.422676 -0.0546096
1988:7:16:0 0.539767 0.374437 0.16533
1988:8:16:0 0.590577 0.579489 0.0110877
1988:9:16:0 0.496365 0.505182 -0.00881696
1988:10:16:0 0.417222 0.552146 -0.134923
1988:11:16:0 0.36612 0.272185 0.0939349
1988:12:16:0 0.473631 0.0825986 0.391032
1989:1:16:0 0.10392 0.194038 -0.0901182
1989:2:16:0 0.1186 -0.0218549 0.140455
1989:3:16:0 -0.0569648 0.091974 -0.148939
1989:4:16:0 -0.116321 0.161653 -0.277975
1989:5:16:0 -0.0143561 0.358757 -0.373113
1989:6:16:0 -0.0930153 0.470117 -0.563133
1989:7:16:0 0.245628 0.37341 -0.127781
1989:8:16:0 0.291999 0.303132 -0.011133
1989:9:16:0 0.46649 0.298095 0.168395
1989:10:16:0 0.431941 0.459527 -0.027586
1989:11:16:0 0.496219 0.566725 -0.070506
1989:12:16:0 0.430996 0.372616 0.05838
1990:1:16:0 0.46636 0.390658 0.0757015
1990:2:16:0 0.706529 0.816691 -0.110162
1990:3:16:0 0.517454 0.494511 0.022943
1990:4:16:0 0.371971 0.560793 -0.188822
1990:5:16:0 0.340198 0.472992 -0.132795
1990:6:16:0 0.0961051 0.454396 -0.358291
1990:7:16:0 0.460505 0.401392 0.0591128
1990:8:16:0 0.443244 0.534904 -0.0916602
1990:9:16:0 0.409466 0.205046 0.204421
1990:10:16:0 0.450631 0.414936 0.0356948
1990:11:16:0 0.498363 0.324914 0.173449
1990:12:16:0 0.703898 0.474822 0.229076
1991:1:16:0 0.64567 0.4057 0.239971
1991:2:16:0 0.45306 0.379032 0.0740277
1991:3:16:0 0.492991 0.370615 0.122376
1991:4:16:0 0.715603 0.239611 0.475992
1991:5:16:0 0.789211 0.201201 0.58801
1991:6:16:0 0.710015 0.246831 0.463184
1991:7:16:0 0.595309 0.0269686 0.568341
1991:8:16:0 0.299264 -0.0464922 0.345756
1991:9:16:0 0.488893 0.0115239 0.477369
1991:10:16:0 0.450679 0.11436 0.336319
1991:11:16:0 0.394997 0.0973563 0.297641
1991:12:16:0 0.466378 0.172844 0.293533
1992:1:16:0 0.400347 0.546112 -0.145765
1992:2:16:0 0.326843 0.542174 -0.215331
1992:3:16:0 0.185648 0.6962 -0.510553
1992:4:16:0 0.233987 0.592231 -0.358245
1992:5:16:0 0.40327 0.734889 -0.331619
1992:6:16:0 0.39173 1.03909 -0.647357
1992:7:16:0 0.582276 0.748319 -0.166043
1992:8:16:0 0.245632 0.713333 -0.467701
1992:9:16:0 0.214537 0.658401 -0.443865
1992:10:16:0 0.172682 0.419938 -0.247256
1992:11:16:0 0.268701 0.398733 -0.130033
1992:12:16:0 0.301861 0.392018 -0.0901572
1993:1:16:0 0.37918 0.399414 -0.0202338
1993:2:16:0 0.380034 0.171213 0.208822
1993:3:16:0 0.143053 0.279089 -0.136037
1993:4:16:0 0.22669 0.217811 0.00887905
1993:5:16:0 0.497472 0.30941 0.188062
1993:6:16:0 0.445664 0.345323 0.100341
1993:7:16:0 0.387696 0.235972 0.151724
1993:8:16:0 0.333744 0.346588 -0.0128441
1993:9:16:0 0.36801 0.155892 0.212118
1993:10:16:0 0.262369 0.044605 0.217764
1993:11:16:0 0.441788 0.329542 0.112246
1993:12:16:0 0.312604 0.29632 0.0162842
1994:1:16:0 0.44633 0.243111 0.203219
1994:2:16:0 0.215746 0.180935 0.0348112
1994:3:16:0 0.201854 -0.154655 0.356508
1994:4:16:0 0.34549 -0.187075 0.532565
1994:5:16:0 0.507188 -0.24058 0.747768
1994:6:16:0 0.253778 -0.377734 0.631512
1994:7:16:0 0.350282 -0.502041 0.852323
1994:8:16:0 0.372581 -0.720276 1.09286
1994:9:16:0 0.218813 -0.690951 0.909765
1994:10:16:0 0.619615 -0.450873 1.07049
1994:11:16:0 0.479501 -0.0717284 0.55123
1994:12:16:0 0.525911 0.0379489 0.487962
1995:1:16:0 0.434979 0.118967 0.316012
1995:2:16:0 0.531178 0.197032 0.334146
1995:3:16:0 0.325925 0.213443 0.112482
1995:4:16:0 0.372154 0.395713 -0.0235596
1995:5:16:0 0.49855 0.534002 -0.0354517
1995:6:16:0 0.537717 0.405881 0.131836
1995:7:16:0 0.631903 0.491329 0.140574
1995:8:16:0 0.519765 0.362851 0.156914
1995:9:16:0 0.445539 0.234911 0.210628
1995:10:16:0 0.4635 0.445898 0.0176016
1995:11:16:0 0.463696 0.485701 -0.0220048
1995:12:16:0 0.469342 0.151964 0.317377
1996:1:16:0 0.505302 0.344848 0.160454
1996:2:16:0 0.463064 0.310674 0.15239
1996:3:16:0 0.357366 0.270669 0.0866966
1996:4:16:0 0.239887 0.405838 -0.165951
1996:5:16:0 0.168994 0.216092 -0.0470981
1996:6:16:0 0.193005 0.375195 -0.18219
1996:7:16:0 0.200013 0.530375 -0.330362
1996:8:16:0 0.100957 0.479209 -0.378252
1996:9:16:0 0.0739369 0.394622 -0.320685
1996:10:16:0 -0.0903397 0.631914 -0.722254
1996:11:16:0 0.0671064 0.589726 -0.52262
1996:12:16:0 0.146523 0.333037 -0.186513
1997:1:16:0 0.117831 0.0389052 0.078926
1997:2:16:0 0.0298499 -0.224646 0.254495
1997:3:16:0 0.323273 0.118138 0.205135
1997:4:16:0 0.386245 0.140611 0.245633
1997:5:16:0 0.357778 0.114545 0.243234
1997:6:16:0 0.491622 0.197904 0.293718
1997:7:16:0 0.556078 -0.201299 0.757377
1997:8:16:0 0.681014 -0.248587 0.929601
1997:9:16:0 0.795841 -0.353585 1.14943
1997:10:16:0 0.851649 -0.395119 1.24677
1997:11:16:0 1.02866 -0.504307 1.53297
1997:12:16:0 1.04736 -0.0372494 1.08461
1998:1:16:0 1.21718 0.520797 0.696386
1998:2:16:0 1.31255 0.71027 0.602277
1998:3:16:0 1.14561 1.02882 0.116788
1998:4:16:0 1.09835 0.849265 0.249089
1998:5:16:0 1.11967 0.761176 0.358492
1998:6:16:0 1.12049 0.759136 0.361351
1998:7:16:0 0.856022 0.917815 -0.0617931
1998:8:16:0 0.757119 1.02024 -0.263121
1998:9:16:0 0.644967 0.738259 -0.0932918
1998:10:16:0 0.518886 0.867773 -0.348887
1998:11:16:0 0.366901 0.74218 -0.375279
1998:12:16:0 0.338636 0.442102 -0.103467
1999:1:16:0 0.307219 0.245001 0.0622188
1999:2:16:0 0.256358 0.103894 0.152464
1999:3:16:0 0.445504 0.169724 0.27578
1999:4:16:0 0.334161 0.139243 0.194918
1999:5:16:0 0.146103 0.111759 0.0343437
1999:6:16:0 0.30842 0.235622 0.0727977
1999:7:16:0 0.471929 0.0531976 0.418731
1999:8:16:0 0.409668 0.0929531 0.316715
1999:9:16:0 0.493001 0.155285 0.337716
1999:10:16:0 0.269118 0.079371 0.189747
1999:11:16:0 0.376096 0.219443 0.156653
1999:12:16:0 0.301688 0.219836 0.0818522
2000:1:16:0 0.252007 0.190143 0.0618644
2000:2:16:0 0.141139 -0.0326627 0.173801
2000:3:16:0 0.263963 -0.0456923 0.309656
2000:4:16:0 0.316789 -0.0279401 0.344729
2000:5:16:0 0.325979 -0.00633469 0.332314
2000:6:16:0 0.120114 -0.071664 0.191777
2000:7:16:0 0.291139 -0.10095 0.392088
2000:8:16:0 0.478918 0.0432733 0.435645
2000:9:16:0 0.515622 0.216151 0.299471
2000:10:16:0 0.504062 0.269603 0.234458
2000:11:16:0 0.429442 0.465005 -0.035563
2000:12:16:0 0.285561 0.302183 -0.016622
2001:1:16:0 0.0695588 0.314908 -0.245349
2001:2:16:0 0.186945 0.0242219 0.162723
2001:3:16:0 0.413387 0.263453 0.149934
2001:4:16:0 0.460663 0.126774 0.33389
2001:5:16:0 0.608697 0.256054 0.352643
2001:6:16:0 0.667035 0.330471 0.336564
2001:7:16:0 0.478484 0.305774 0.172711
2001:8:16:0 0.395413 0.39409 0.00132343
2001:9:16:0 0.510932 0.348653 0.162279
2001:10:16:0 0.366305 0.434463 -0.0681578
2001:11:16:0 0.553179 0.527161 0.0260182
2001:12:16:0 0.702106 0.530822 0.171284
2002:1:16:0 0.672814 0.632933 0.0398815
2002:2:16:0 0.374529 0.287671 0.0868584
2002:3:16:0 0.653215 0.480461 0.172754
2002:4:16:0 0.486805 0.642751 -0.155946
2002:5:16:0 0.303967 0.416262 -0.112295
2002:6:16:0 0.422412 0.400789 0.0216229
2002:7:16:0 0.487391 0.435948 0.0514432
2002:8:16:0 0.461173 0.374787 0.0863862
2002:9:16:0 0.905766 0.234713 0.671054
2002:10:16:0 0.861071 0.0858641 0.775207
2002:11:16:0 0.630904 0.272407 0.358497
2002:12:16:0 0.73695 0.671517 0.065432
2003:1:16:0 0.522417 0.585715 -0.0632988
2003:2:16:0 0.748036 0.548782 0.199254
2003:3:16:0 0.660253 0.540192 0.12006
2003:4:16:0 0.630983 0.536102 0.0948809
2003:5:16:0 0.52305 0.470027 0.0530235
2003:6:16:0 0.743802 0.397612 0.346189
2003:7:16:0 0.681608 0.243327 0.438281
2003:8:16:0 0.615713 0.212885 0.402828
2003:9:16:0 0.667788 0.341424 0.326364
2003:10:16:0 0.577308 0.440704 0.136603
2003:11:16:0 0.507892 0.40333 0.104563
2003:12:16:0 0.564517 0.157048 0.40747
2004:1:16:0 0.680584 0.455468 0.225116
2004:2:16:0 0.518503 0.225268 0.293235
2004:3:16:0 0.409667 0.161229 0.248437
2004:4:16:0 0.453365 0.336914 0.116451
2004:5:16:0 0.0722039 0.416813 -0.344609
2004:6:16:0 0.0965721 0.27574 -0.179168
2004:7:16:0 0.185585 0.176459 0.00912568
2004:8:16:0 0.456777 0.295132 0.161645
2004:9:16:0 0.528582 0.248581 0.280001
2004:10:16:0 0.548413 0.176513 0.371899
2004:11:16:0 0.569069 0.464764 0.104305
2004:12:16:0 0.623202 0.532415 0.0907868
2005:1:16:0 0.549266 0.494713 0.0545526
2005:2:16:0 0.458668 0.834811 -0.376143
2005:3:16:0 0.55237 0.820386 -0.268016
2005:4:16:0 0.657892 0.379755 0.278136
2005:5:16:0 0.660763 0.477535 0.183229
2005:6:16:0 0.578264 0.546357 0.0319073
2005:7:16:0 0.51587 0.586533 -0.0706632
2005:8:16:0 0.499604 0.545059 -0.0454549
2005:9:16:0 0.509924 0.65492 -0.144996
2005:10:16:0 0.472628 0.526904 -0.0542752
2005:11:16:0 0.364486 0.368368 -0.00388226
2005:12:16:0 0.183841 0.251524 -0.0676833
2006:1:16:0 0.148873 0.0933709 0.0555022
2006:2:16:0 0.248855 0.36851 -0.119656
2006:3:16:0 0.270275 0.330356 -0.0600807
2006:4:16:0 0.385338 0.203886 0.181452
2006:5:16:0 0.470526 0.465146 0.00537977
2006:6:16:0 0.464553 0.316998 0.147555
2006:7:16:0 0.524203 0.177869 0.346334
2006:8:16:0 0.656302 0.133067 0.523234
2006:9:16:0 0.618883 -0.187489 0.806372
2006:10:16:0 0.680768 -0.264296 0.945064
2006:11:16:0 0.871865 0.112481 0.759385
2006:12:16:0 0.840266 0.447959 0.392306
2007:1:16:0 0.806633 0.404502 0.402131
2007:2:16:0 0.782831 0.452108 0.330723
2007:3:16:0 0.580162 0.304865 0.275296
2007:4:16:0 0.585373 0.294114 0.291258
2007:5:16:0 0.757792 0.27301 0.484782
2007:6:16:0 0.798626 0.556948 0.241678
2007:7:16:0 0.574146 0.213931 0.360214
2007:8:16:0 0.716266 0.180086 0.536179
2007:9:16:0 0.654153 0.0315099 0.622644
2007:10:16:0 0.500704 0.049513 0.451191
2007:11:16:0 0.393722 0.14795 0.245773
2007:12:16:0 0.335494 0.331949 0.00354448
2008:1:16:0 0.503521 0.200339 0.303182
2008:2:16:0 0.142476 0.0304343 0.112041
2008:3:16:0 0.0306313 -0.238474 0.269105
2008:4:16:0 0.043515 0.00159802 0.041917
2008:5:16:0 0.24712 -0.149772 0.396892
2008:6:16:0 0.377613 -0.0459376 0.423551
2008:7:16:0 0.425246 -0.127826 0.553072
2008:8:16:0 0.530569 0.110406 0.420164
2008:9:16:0 0.757045 0.283359 0.473686
2008:10:16:0 0.677628 0.26771 0.409918
2008:11:16:0 0.501727 0.35744 0.144287
2008:12:16:0 0.431657 0.25803 0.173627
2009:1:16:0 0.463056 0.245149 0.217907
2009:2:16:0 0.463532 0.115967 0.347565
2009:3:16:0 0.546292 0.282151 0.264141
2009:4:16:0 0.486391 0.16779 0.318601
2009:5:16:0 0.650652 0.180076 0.470576
2009:6:16:0 0.811825 0.506814 0.305011
2009:7:16:0 0.775689 0.66045 0.115239
2009:8:16:0 0.851495 0.655059 0.196437
2009:9:16:0 0.735778 0.456891 0.278887
2009:10:16:0 0.934567 0.572811 0.361756
2009:11:16:0 0.746659 0.558414 0.188245
2009:12:16:0 0.958195 0.576454 0.381742
2010:1:16:0 0.939955 0.467268 0.472687
2010:2:16:0 1.0038 0.794943 0.208853
2010:3:16:0 1.11003 0.481954 0.628074
2010:4:16:0 1.13451 0.574937 0.559568
2010:5:16:0 0.865333 0.682353 0.18298
2010:6:16:0 0.766353 0.701159 0.0651947
2010:7:16:0 0.839902 0.531461 0.308441
2010:8:16:0 0.764708 0.520958 0.24375
2010:9:16:0 0.484973 0.36163 0.123343
2010:10:16:0 0.563072 0.618794 -0.055722
2010:11:16:0 0.363177 0.579657 -0.216479
2010:12:16:0 0.335443 0.31399 0.021453
2011:1:16:0 0.313374 -0.0599798 0.373353
2011:2:16:0 0.357141 -0.0611005 0.418241
2011:3:16:0 0.38926 -0.148122 0.537381
2011:4:16:0 0.227269 -0.124877 0.352147
2011:5:16:0 0.307528 0.181325 0.126203
2011:6:16:0 0.503011 0.241567 0.261444
2011:7:16:0 0.541795 0.00890392 0.532892
2011:8:16:0 0.715714 0.070199 0.645515
2011:9:16:0 0.627139 0.0412355 0.585903
2011:10:16:0 0.810742 0.0760224 0.73472
2011:11:16:0 0.8025 0.205204 0.597297
2011:12:16:0 0.562223 0.465058 0.0971654
2012:1:16:0 0.44328 0.216613 0.226668
2012:2:16:0 0.275971 0.175663 0.100308
2012:3:16:0 0.258532 0.0632873 0.195244
2012:4:16:0 0.295138 0.359517 -0.0643788
2012:5:16:0 0.499081 0.620671 -0.12159
2012:6:16:0 0.520836 0.302893 0.217943
2012:7:16:0 0.716378 -0.139474 0.855852
2012:8:16:0 0.887818 -0.0560847 0.943902
2012:9:16:0 0.989129 0.149729 0.839399
2012:10:16:0 0.867603 0.377614 0.489988
2012:11:16:0 0.639633 0.474398 0.165235
2012:12:16:0 0.802841 0.31472 0.488121
2013:1:16:0 0.61053 0.492072 0.118458
2013:2:16:0 0.738546 0.366058 0.372487
2013:3:16:0 0.637726 0.391795 0.245932
2013:4:16:0 0.398716 0.500832 -0.102115
2013:5:16:0 0.293977 0.58444 -0.290463
2013:6:16:0 0.317513 0.608763 -0.29125
2013:7:16:0 0.468033 0.345928 0.122105
2013:8:16:0 0.475754 0.375413 0.100341
2013:9:16:0 0.429648 0.347402 0.0822461
2013:10:16:0 0.628794 0.409127 0.219666
2013:11:16:0 0.842475 0.38439 0.458084
2013:12:16:0 0.579068 0.210871 0.368197
2014:1:16:0 0.478873 0.39013 0.0887424
2014:2:16:0 0.416834 0.324993 0.0918411
2014:3:16:0 0.412839 0.399202 0.0136369
2014:4:16:0 0.561204 0.424805 0.1364
2014:5:16:0 0.743894 0.622651 0.121243
2014:6:16:0 0.719048 0.536676 0.182371
2014:7:16:0 0.62116 0.671017 -0.0498571
2014:8:16:0 0.518974 0.593613 -0.0746391
2014:9:16:0 0.607597 0.364397 0.243199
2014:10:16:0 0.79331 0.290529 0.502781
2014:11:16:0 0.887904 0.615942 0.271963
2014:12:16:0 0.765114 0.499267 0.265847
2015:1:16:0 0.47292 0.396416 0.0765035
2015:2:16:0 0.352512 0.517938 -0.165426
2015:3:16:0 0.496386 0.572305 -0.0759186
2015:4:16:0 0.669735 0.48256 0.187175
2015:5:16:0 1.02788 0.57444 0.453435
2015:6:16:0 1.01655 0.518625 0.497923
2015:7:16:0 1.10984 0.580799 0.529037
2015:8:16:0 1.18422 0.325185 0.859033
2015:9:16:0 1.20828 0.53413 0.67415
2015:10:16:0 1.22966 0.371264 0.858397
2015:11:16:0 1.21766 0.618979 0.598683
2015:12:16:0 1.3571 0.867025 0.490075
2016:1:16:0 1.35249 0.914799 0.437687
2016:2:16:0 0.954275 0.88834 0.0659344
2016:3:16:0 1.3556 1.19478 0.160817
2016:4:16:0 1.24701 0.905663 0.341347
2016:5:16:0 1.01068 0.904711 0.105969
2016:6:16:0 0.692241 0.918778 -0.226536
2016:7:16:0 0.454035 0.886564 -0.432529
2016:8:16:0 0.748899 0.89131 -0.142411
2016:9:16:0 0.676857 0.725423 -0.0485665
2016:10:16:0 0.63433 0.61739 0.0169404
2016:11:16:0 0.616667 0.709849 -0.0931816
2016:12:16:0 0.706795 0.781544 -0.0747488
2017:1:16:0 0.600563 0.501805 0.0987578
2017:2:16:0 0.563078 0.279978 0.2831
2017:3:16:0 0.541586 0.0133902 0.528196
2017:4:16:0 0.661917 -0.0421227 0.70404
2017:5:16:0 0.884508 0.131757 0.752751
2017:6:16:0 0.784579 0.149468 0.635111
2017:7:16:0 1.0173 0.18934 0.827961
2017:8:16:0 1.02469 0.379026 0.645665
2017:9:16:0 0.788755 0.368461 0.420295
2017:10:16:0 0.895439 0.499007 0.396432
2017:11:16:0 0.712681 0.162354 0.550326
2017:12:16:0 0.410239 0.0685805 0.341659
2018:1:16:0 0.167621 0.185874 -0.0182531
2018:2:16:0 0.572854 0.182024 0.39083
2018:3:16:0 0.490434 0.447624 0.0428097